[[ 6.96227944 10.59004767  6.260381  ]
 [ 0.50605863  3.1110832   7.27271349]
 [18.72106847  4.97651837  7.8196749 ]
 [12.74621922 13.41279838 10.9756531 ]
 [10.21158261  0.83649517 12.80731722]
 [14.81574783 11.23181344 16.99932481]
 [ 2.42337032  9.09928559  6.95042865]
 [13.55115224  3.08318836  6.23258959]
 [ 0.78685552  4.19818724  2.5961454 ]
 [ 5.10518396  2.03814349 17.85651678]
 [ 9.9638945  16.7620626   3.37288054]
 [15.09875054 14.03731938 10.49435951]
 [ 0.57931647 13.54728042  0.18683451]
 [ 6.43201744 12.91734628 11.17571286]
 [ 8.97716311 10.15951977 15.1821582 ]
 [ 2.7142855   7.38448109  1.25910767]
 [10.92446239  8.13536818  7.05504179]
 [ 2.41700849  8.15330359 12.59703575]
 [ 4.30086272 19.3027972   6.6341867 ]
 [ 5.0978498   4.02346498 11.07733323]
 [ 8.21269169 14.89365702  9.02008967]
 [ 4.79790399  5.55437072  2.90980051]
 [17.48184922 11.39918251  3.55539648]
 [15.12558579 14.11612336 14.62001038]
 [16.61370144  2.23809259  1.79350444]
 [16.73880479 17.0911289  18.73108658]
 [ 9.66249105 19.36647735  2.96604642]
 [ 1.43730532  4.05410198 12.51338461]
 [18.28854387  2.18348403 17.51376779]
 [17.06629059 19.11378887 14.579626  ]
 [13.82487621  7.03292669 17.06681954]
 [ 5.80869895 11.76782469  4.19973786]
 [12.86741247 13.33946313  0.9148797 ]
 [17.22681087 10.30467425  4.46994265]
 [18.43864614 13.52393053 14.14242504]
 [ 8.61742119  7.42502626  8.87738295]
 [ 9.21656898  2.1040338  11.94290252]
 [10.18604165 11.44378189  2.2055939 ]
 [ 8.43118216  3.154165   11.41518165]
 [ 2.75505182 18.63221718  4.19360402]
 [ 8.79526027  7.56476632 17.70672813]
 [19.9259525   9.12529284 14.30047485]
 [ 3.62760627  9.57453399 16.66314318]
 [ 3.14771632  5.24114756  0.40773495]
 [ 2.968023    9.04129944 12.14147669]
 [14.58821362  2.61342196 15.11889162]
 [ 1.29811826  0.29093162 18.53940575]
 [ 7.62455663 14.98748147 10.39844425]
 [15.1790758   0.49159691  0.42187379]
 [ 5.77357964 15.22507717  6.95501421]
 [ 1.82641867 19.6949309   1.31874228]
 [17.32394922 17.77951007  7.17984427]
 [19.25589705  8.9096098  11.89156627]
 [ 7.74860683  6.84122501 12.30384687]
 [16.68897623  9.8028814   9.79592478]
 [ 1.59848825 12.66861694  3.72785213]
 [18.75425579  1.44415107 17.61186511]
 [ 9.22178364  3.14557648 13.61276609]
 [14.31161078 12.37007492 13.10389854]
 [12.09134655 19.94471906 19.84382802]
 [ 7.32299348  5.76303904  2.29831448]
 [ 5.57389352 15.76750105 19.69441934]
 [14.44277687  6.2136384   0.24831101]
 [18.05916119 10.41930828 18.84554398]
 [16.17847092  8.13989429 15.82333626]
 [11.86882942  9.96694911 12.80567963]
 [17.74424654 17.11914636 17.05033587]
 [12.63989869  9.79966702 11.52174501]
 [ 9.87060516  3.39569415 12.74637531]
 [ 0.56144545  7.12110339  0.53640685]
 [ 9.74212325 12.92560098 11.89084873]
 [15.18934809  4.50704993 10.8550882 ]
 [ 1.54200344 16.0937745   2.98101761]
 [ 9.97856544 11.61100692 17.74293373]
 [ 1.38867392 13.81993891 12.60396724]
 [12.6874493  18.66108218 12.06259569]
 [ 4.00829704 19.10637028  3.46795196]
 [18.09837628  5.88737884  4.25785547]
 [14.47892544  6.24451548 18.73710398]
 [ 6.67044737  2.26548276 19.34738293]
 [15.72614977  2.62472263  0.51305104]
 [ 5.16412459 10.17072197  0.56692592]
 [16.30369661 15.81119076 15.59319222]
 [ 3.9287254  13.8218162  12.07806798]
 [13.53699638  9.44119348  6.1912625 ]
 [12.26172867  1.35699601  4.5410083 ]
 [ 8.35365412  3.98889162  6.83066986]
 [ 5.93541459 19.66935386 16.01133606]
 [17.96852368  7.00933699 17.18252822]
 [ 8.41593962  6.48328664  5.31541491]
 [11.03699507  0.89583319  9.37906831]
 [11.55728925 12.22241387 13.42683734]
 [ 6.51625734  0.76429652 14.57086474]
 [10.68314404 18.6751641  13.39109286]
 [15.81381324  3.60232821 12.84957711]
 [13.20716938  0.5556746  16.4773847 ]
 [ 8.07072118  6.55163581 15.10914671]
 [16.24323124  9.12671897 13.92230574]
 [ 4.45987891 17.09584066 17.96130949]
 [ 4.73118895  8.42586245 12.09589205]]
[[ 6.9622765  10.59004006  6.26037757]
 [ 0.50606785  3.11109004  7.27271597]
 [18.72108305  4.97652803  7.81967913]
 [12.74621495 13.41279158 10.97565469]
 [10.21152608  0.83650814 12.80724508]
 [14.8157581  11.23182539 16.9993387 ]
 [ 2.4233734   9.09927613  6.95042837]
 [13.55119613  3.08320528  6.23261823]
 [ 0.78686634  4.19820557  2.59615572]
 [ 5.10517074  2.0381415  17.85645915]
 [ 9.96390565 16.76208821  3.37288605]
 [15.09878019 14.0373549  10.49437895]
 [ 0.57932161 13.54728431  0.18684386]
 [ 6.4320265  12.91736325 11.17572516]
 [ 8.97715316 10.15950632 15.18213757]
 [ 2.71428188  7.38447178  1.25911037]
 [10.92444914  8.13536561  7.05503821]
 [ 2.41731788  8.15296586 12.59395451]
 [ 4.300863   19.30279917  6.63418774]
 [ 5.09784931  4.02346067 11.07732163]
 [ 8.21273423 14.89372503  9.02012485]
 [ 4.79791031  5.55437637  2.90981013]
 [17.48180783 11.3991464   3.55539494]
 [15.12555432 14.11609631 14.61997868]
 [16.61368652  2.23809476  1.79350108]
 [16.73879482 17.09111005 18.73107315]
 [ 9.66249632 19.36649118  2.96604856]
 [ 1.43731364  4.05409367 12.51336833]
 [18.29495758  2.18233074 17.5190757 ]
 [17.06633651 19.11384366 14.57966563]
 [13.82485407  7.03292124 17.06679049]
 [ 5.80871066 11.76784272  4.19974594]
 [12.86741794 13.33946847  0.91488917]
 [17.22676877 10.30465747  4.46993148]
 [18.43860931 13.52390928 14.14239825]
 [ 8.61740521  7.42501416  8.87736639]
 [ 9.21636179  2.10402876 11.94264748]
 [10.18605408 11.44379422  2.20560134]
 [ 8.43110503  3.15408475 11.41505444]
 [ 2.75505574 18.63222255  4.19360796]
 [ 8.79525481  7.56475948 17.7067137 ]
 [19.92597751  9.12530636 14.30049287]
 [ 3.62760837  9.57451916 16.66311187]
 [ 3.14771477  5.24114859  0.40773871]
 [ 2.96668045  9.03828891 12.13973788]
 [14.58822407  2.61342437 15.11889872]
 [ 1.29811873  0.29093884 18.53938875]
 [ 7.62456692 14.98750874 10.39847126]
 [15.17908423  0.49160514  0.42188203]
 [ 5.77358659 15.22508524  6.95502356]
 [ 1.82642233 19.69493652  1.31875109]
 [17.32397117 17.77953285  7.17985261]
 [19.25589048  8.90960622 11.891565  ]
 [ 7.74858244  6.84120429 12.30380725]
 [16.68895427  9.80287089  9.79591419]
 [ 1.59850096 12.668656    3.72786845]
 [18.7585519   1.44636024 17.61672521]
 [ 9.22104192  3.14537631 13.60822956]
 [14.31158369 12.37005375 13.10387736]
 [12.09135395 19.94473082 19.84383809]
 [ 7.32302235  5.76306474  2.29832961]
 [ 5.57389099 15.76749231 19.69441146]
 [14.44277988  6.21364783  0.24831208]
 [18.05920408 10.41933752 18.8455925 ]
 [16.17854574  8.13992911 15.82341087]
 [11.86883674  9.96694842 12.80568005]
 [17.74423116 17.11913037 17.05032581]
 [12.63983818  9.79962781 11.52170479]
 [ 9.86726736  3.39449745 12.74528333]
 [ 0.56145139  7.12110338  0.53640746]
 [ 9.74215666 12.92565109 11.89089227]
 [15.18937686  4.50705956 10.85510121]
 [ 1.54200927 16.09378099  2.98102256]
 [ 9.97859841 11.61105024 17.74299018]
 [ 1.38867484 13.81993357 12.60396333]
 [12.68747005 18.6610992  12.06260587]
 [ 4.00830378 19.10639055  3.4679578 ]
 [18.09838931  5.88737734  4.25786566]
 [14.47889338  6.24450277 18.73706041]
 [ 6.67043288  2.26548235 19.34732408]
 [15.72613333  2.62472383  0.51305575]
 [ 5.16412575 10.17071398  0.56692963]
 [16.30370101 15.81119328 15.59319811]
 [ 3.92872627 13.82180035 12.07805872]
 [13.53701693  9.44121433  6.19127106]
 [12.26176151  1.35699982  4.54102188]
 [ 8.35364309  3.98889795  6.83066966]
 [ 5.93542359 19.66937378 16.01135797]
 [17.96852138  7.00933908 17.18252577]
 [ 8.41593055  6.48328024  5.31541497]
 [11.03701473  0.89583384  9.37908421]
 [11.55729305 12.2224228  13.42684721]
 [ 6.51626031  0.76429771 14.57086276]
 [10.68317073 18.67521925 13.39112949]
 [15.81381596  3.60233246 12.84957778]
 [13.20716773  0.55567735 16.47738068]
 [ 8.07070111  6.55161593 15.10910023]
 [16.24321378  9.12671437 13.9222878 ]
 [ 4.45987595 17.09582724 17.96130286]
 [ 4.73120098  8.4258807  12.09592102]]
[[ 6.96226903 10.59002475  6.26037065]
 [ 0.5060771   3.11109581  7.2727159 ]
 [18.72110239  4.97653803  7.81968443]
 [12.74620793 13.41278127 10.97565395]
 [10.21143951  0.83652292 12.80713667]
 [14.81577183 11.2318399  16.99935671]
 [ 2.42337537  9.09926034  6.95042358]
 [13.55125771  3.08322822  6.23265666]
 [ 0.78687777  4.19822966  2.59617027]
 [ 5.10514963  2.03813653 17.8563714 ]
 [ 9.96392209 16.76212208  3.37289334]
 [15.09882447 14.03740463 10.49440781]
 [ 0.57932679 13.54728598  0.18685301]
 [ 6.43203899 12.91738627 11.17574262]
 [ 8.97713554 10.1594834  15.18210431]
 [ 2.71427499  7.38445387  1.25911119]
 [10.92442785  8.1353574   7.05503044]
 [ 2.41779276  8.15247247 12.58928884]
 [ 4.3008634  19.30280122  6.63418922]
 [ 5.09784573  4.02345419 11.07730364]
 [ 8.2127949  14.89382294  9.02017498]
 [ 4.7979169   5.55438219  2.90981984]
 [17.48174079 11.39909088  3.55539188]
 [15.1255068  14.11605308 14.61993068]
 [16.61365974  2.238096    1.79349499]
 [16.73877619 17.09108167 18.73104866]
 [ 9.6625042  19.36651064  2.96605155]
 [ 1.43732123  4.05408109 12.51334022]
 [18.30495907  2.18057192 17.52736686]
 [17.0664038  19.11392365 14.57972286]
 [13.8248193   7.03290868 17.06674689]
 [ 5.80872426 11.76786496  4.1997552 ]
 [12.86742343 13.33947384  0.91489864]
 [17.22670416 10.30463123  4.46991166]
 [18.43855106 13.52387301 14.142356  ]
 [ 8.61738032  7.42499434  8.87734083]
 [ 9.21604724  2.10401842 11.94226023]
 [10.18607108 11.44381163  2.20560946]
 [ 8.43098833  3.15396331 11.41486276]
 [ 2.75505967 18.63222784  4.19361183]
 [ 8.79524484  7.56474871 17.70669006]
 [19.92601403  9.12532473 14.30051906]
 [ 3.6276076   9.57449458 16.66306437]
 [ 3.14771122  5.24114808  0.40774248]
 [ 2.9646373   9.03372172 12.13711948]
 [14.58823581  2.61342694 15.1189069 ]
 [ 1.29811885  0.29094627 18.53935894]
 [ 7.62458097 14.98754736 10.39850916]
 [15.17909485  0.49161332  0.42189017]
 [ 5.77359332 15.22509279  6.9550327 ]
 [ 1.82642628 19.69494378  1.31876012]
 [17.32400116 17.7795641   7.17986415]
 [19.25587702  8.9096001  11.89155973]
 [ 7.74854426  6.84117032 12.30374538]
 [16.6889165   9.80285197  9.79589548]
 [ 1.59851555 12.66871189  3.72788972]
 [18.76529848  1.44976619 17.62432767]
 [ 9.21994927  3.14508464 13.60134108]
 [14.31153991 12.37001748 13.10384079]
 [12.09136296 19.94474543 19.84385088]
 [ 7.32306533  5.76310025  2.29834775]
 [ 5.57388626 15.76747805 19.69439627]
 [14.44278327  6.2136576   0.24831317]
 [18.05926611 10.41937767 18.84566105]
 [16.17865564  8.13998116 15.82351998]
 [11.86884297  9.96694583 12.80567585]
 [17.74420414 17.11910249 17.05030596]
 [12.63974652  9.7995654  11.52163963]
 [ 9.86219946  3.39267912 12.74367146]
 [ 0.56145792  7.12109986  0.53640799]
 [ 9.74220435 12.92572141 11.89095329]
 [15.18941572  4.50707061 10.8551206 ]
 [ 1.54201508 16.0937873   2.98102748]
 [ 9.97864589 11.61111087 17.7430725 ]
 [ 1.38867565 13.81992111 12.60395299]
 [12.68749708 18.66112364 12.06262058]
 [ 4.00831146 19.10641737  3.46796426]
 [18.09840459  5.88737505  4.25787635]
 [14.47884148  6.2444825  18.73699111]
 [ 6.67040751  2.26547882 19.3472353 ]
 [15.72610559  2.6247222   0.51306187]
 [ 5.16412353 10.17070011  0.5669333 ]
 [16.30370462 15.81119497 15.59320322]
 [ 3.92872378 13.82177465 12.0780414 ]
 [13.53704769  9.44124214  6.19128386]
 [12.26180779  1.35700356  4.54103886]
 [ 8.35362548  3.98890295  6.83066508]
 [ 5.93543563 19.66940334 16.01138709]
 [17.96851637  7.00933991 17.18252138]
 [ 8.41591621  6.4832699   5.31541298]
 [11.03703986  0.89583429  9.37910449]
 [11.55729814 12.22243338 13.42685873]
 [ 6.51626127  0.7642989  14.57085673]
 [10.68320997 18.67529867 13.39118369]
 [15.81381854  3.60233658 12.84957751]
 [13.20716334  0.55568017 16.47737363]
 [ 8.07066838  6.55158588 15.1090295 ]
 [16.24318531  9.12670508 13.92225958]
 [ 4.45987084 17.09580477 17.96128802]
 [ 4.73121426  8.42590791 12.09596141]]
[[ 6.96225704 10.59000172  6.26036026]
 [ 0.50608638  3.11110052  7.2727133 ]
 [18.72112651  4.97654834  7.8196908 ]
 [12.74619815 13.41276745 10.9756509 ]
 [10.21132292  0.8365395  12.80699203]
 [14.81578903 11.23185697 16.99937884]
 [ 2.42337625  9.09923823  6.95041426]
 [13.55133697  3.08325719  6.23270489]
 [ 0.7868898   4.19825952  2.59618904]
 [ 5.10512063  2.03812858 17.85625351]
 [ 9.96394382 16.76216421  3.37290243]
 [15.09888341 14.03746858 10.49444609]
 [ 0.57933199 13.54728544  0.18686195]
 [ 6.43205492 12.91741536 11.17576523]
 [ 8.97711025 10.15945101 15.18205839]
 [ 2.71426482  7.38442736  1.25911013]
 [10.92439849  8.13534356  7.05501846]
 [ 2.41845173  8.15184249 12.58298611]
 [ 4.30086393 19.30280334  6.63419115]
 [ 5.09783905  4.02344556 11.07727926]
 [ 8.21287367 14.89395077  9.02024007]
 [ 4.79792375  5.55438817  2.90982965]
 [17.48164811 11.39901596  3.5553873 ]
 [15.12544321 14.11599366 14.61986638]
 [16.61362108  2.23809633  1.79348619]
 [16.7387489  17.09104376 18.73101311]
 [ 9.6625147  19.36653575  2.96605538]
 [ 1.43732811  4.05406425 12.51330031]
 [18.31907973  2.17817114 17.53910642]
 [17.06649246 19.11402884 14.57979768]
 [13.8247719   7.03288904 17.06668875]
 [ 5.80873973 11.76789142  4.19976564]
 [12.86742894 13.33947923  0.91490812]
 [17.22661703 10.30459553  4.46988319]
 [18.4384714  13.52382173 14.14229831]
 [ 8.61734653  7.42496679  8.87730627]
 [ 9.21562435  2.10400277 11.9417396 ]
 [10.18609265 11.44383414  2.20561827]
 [ 8.43083197  3.1538006  11.41460645]
 [ 2.75506362 18.63223306  4.19361564]
 [ 8.79523035  7.564734   17.70665722]
 [19.92606204  9.12534794 14.30055342]
 [ 3.62760396  9.57446024 16.66300067]
 [ 3.14770567  5.24114603  0.40774627]
 [ 2.96186125  9.02753496 12.13361099]
 [14.58824886  2.61342969 15.11891617]
 [ 1.2981186   0.2909539  18.53931634]
 [ 7.62459879 14.98759732 10.39855793]
 [15.17910765  0.49162143  0.42189821]
 [ 5.77359982 15.22509982  6.95504163]
 [ 1.82643052 19.69495266  1.31876935]
 [17.32403919 17.77960383  7.17987888]
 [19.25585667  8.90959146 11.89155046]
 [ 7.74849231  6.84112308 12.30366125]
 [16.6888629   9.80282465  9.79586865]
 [ 1.59853201 12.66878462  3.72791592]
 [18.77492194  1.45449913 17.63511554]
 [ 9.21853933  3.14471529 13.59199831]
 [14.31147942 12.36996612 13.10378884]
 [12.0913736  19.94476289 19.84386639]
 [ 7.32312241  5.76314555  2.29836891]
 [ 5.57387935 15.76745828 19.6943738 ]
 [14.44278705  6.21366773  0.24831428]
 [18.05934729 10.41942875 18.84574962]
 [16.17880063  8.14005046 15.8236636 ]
 [11.86884814  9.96694132 12.80566703]
 [17.74416549 17.11906271 17.05027634]
 [12.63962371  9.7994798  11.52154952]
 [ 9.85532545  3.39021066 12.74158349]
 [ 0.56146502  7.12109282  0.53640842]
 [ 9.74226634 12.92581196 11.89103179]
 [15.18946468  4.50708309 10.85514635]
 [ 1.54202086 16.09379342  2.98103236]
 [ 9.97870788 11.61118883 17.7431807 ]
 [ 1.38867634 13.81990153 12.6039362 ]
 [12.68753037 18.66115549 12.06263982]
 [ 4.00832008 19.10645074  3.46797134]
 [18.09842211  5.88737196  4.25788753]
 [14.47876974  6.24445469 18.73689606]
 [ 6.67037127  2.26547217 19.34711658]
 [15.72606654  2.62471776  0.51306939]
 [ 5.16411793 10.17068036  0.56693692]
 [16.30370743 15.81119584 15.59320757]
 [ 3.9287179  13.82173909 12.078016  ]
 [13.53708866  9.44127691  6.1913009 ]
 [12.26186751  1.35700721  4.54105922]
 [ 8.35360131  3.98890661  6.83065611]
 [ 5.93545071 19.66944253 16.01142343]
 [17.96850866  7.00933948 17.18251506]
 [ 8.41589659  6.48325561  5.31540894]
 [11.03707046  0.89583456  9.37912915]
 [11.55730452 12.22244561 13.42687191]
 [ 6.51626021  0.7643001  14.57084666]
 [10.68326176 18.67540234 13.39125545]
 [15.81382097  3.60234059 12.8495763 ]
 [13.2071562   0.55568307 16.47736355]
 [ 8.07062298  6.55154567 15.10893452]
 [16.24314582  9.12669111 13.92222109]
 [ 4.4598636  17.09577323 17.96126496]
 [ 4.73122877  8.42594409 12.09601321]]
[[ 6.96224052 10.58997099  6.26034638]
 [ 0.50609569  3.11110417  7.27270816]
 [18.7211554   4.97655898  7.81969824]
 [12.7461856  13.41275011 10.97564553]
 [10.21117639  0.83655788 12.80681124]
 [14.8158097  11.23187659 16.9994051 ]
 [ 2.42337602  9.0992098   6.95040044]
 [13.55143393  3.08329217  6.23276292]
 [ 0.78690245  4.19829514  2.59621204]
 [ 5.10508374  2.03811765 17.8561055 ]
 [ 9.96397084 16.7622146   3.37291331]
 [15.09895699 14.03754673 10.4944938 ]
 [ 0.57933722 13.54728269  0.18687068]
 [ 6.43207427 12.91745051 11.175793  ]
 [ 8.97707728 10.15940915 15.18199984]
 [ 2.71425139  7.38439226  1.25910719]
 [10.92436108  8.13532408  7.05500228]
 [ 2.41932307  8.15110714 12.57497372]
 [ 4.30086458 19.30280552  6.63419352]
 [ 5.09782927  4.02343476 11.0772485 ]
 [ 8.21297056 14.89410851  9.02032012]
 [ 4.79793085  5.55439431  2.90983955]
 [17.48152978 11.39892164  3.55538121]
 [15.12536357 14.11591806 14.61978579]
 [16.61357055  2.23809574  1.79347466]
 [16.73871294 17.09099631 18.7309665 ]
 [ 9.6625278  19.3665665   2.96606005]
 [ 1.43733427  4.05404314 12.51324858]
 [18.33817943  2.17507557 17.55504978]
 [17.0666025  19.11415922 14.5798901 ]
 [13.82471188  7.03286229 17.06661605]
 [ 5.80875708 11.7679221   4.19977728]
 [12.86743446 13.33948464  0.91491759]
 [17.22650738 10.30455037  4.46984607]
 [18.43837033 13.52375543 14.14222515]
 [ 8.61730383  7.42493151  8.87726272]
 [ 9.21509172  2.10398181 11.94108394]
 [10.18611879 11.44386175  2.20562778]
 [ 8.43063584  3.1535965  11.41428533]
 [ 2.75506759 18.6322382   4.19361939]
 [ 8.79521136  7.56471535 17.70661518]
 [19.92612155  9.12537599 14.30059594]
 [ 3.62759744  9.57441614 16.66292073]
 [ 3.14769813  5.24114243  0.40775008]
 [ 2.95830587  9.0196395  12.12920175]
 [14.5882632   2.61343261 15.11892654]
 [ 1.298118    0.29096175 18.53926093]
 [ 7.62462038 14.98765862 10.39861758]
 [15.17912264  0.4916295   0.42190615]
 [ 5.77360609 15.22510632  6.95505035]
 [ 1.82643504 19.69496318  1.31877881]
 [17.32408526 17.77965205  7.17989681]
 [19.25582944  8.90958028 11.89153721]
 [ 7.74842658  6.84106258 12.30355486]
 [16.68879349  9.80278893  9.7958337 ]
 [ 1.59855036 12.66887418  3.72794707]
 [18.78811956  1.46076439 17.64981   ]
 [ 9.2168728   3.14429256 13.58005917]
 [14.31140225 12.36989967 13.1037215 ]
 [12.09138586 19.94478319 19.84388461]
 [ 7.32319361  5.76320065  2.29839308]
 [ 5.57387025 15.76743299 19.69434402]
 [14.44279123  6.21367819  0.24831541]
 [18.0594476  10.41949075 18.8458582 ]
 [16.1789807   8.140137   15.82384173]
 [11.86885223  9.96693491 12.80565359]
 [17.74411519 17.11901105 17.05023694]
 [12.63946975  9.79937102 11.52143448]
 [ 9.84653961  3.38705214 12.73909922]
 [ 0.5614727   7.12108227  0.53640876]
 [ 9.74234262 12.92592274 11.89112776]
 [15.18952372  4.507097   10.85517848]
 [ 1.54202662 16.09379936  2.98103721]
 [ 9.97878438 11.61128409 17.74331477]
 [ 1.38867693 13.81987483 12.60391296]
 [12.68756994 18.66119477 12.06266359]
 [ 4.00832965 19.10649066  3.46797905]
 [18.09844188  5.88736808  4.25789921]
 [14.47867815  6.24441933 18.73677527]
 [ 6.67032415  2.2654624  19.34696792]
 [15.72601618  2.62471049  0.51307831]
 [ 5.16410895 10.17065474  0.56694049]
 [16.30370943 15.8111959  15.59321115]
 [ 3.92870865 13.82169366 12.07798253]
 [13.53713984  9.44131865  6.19132219]
 [12.26194066  1.35701079  4.54108298]
 [ 8.35357058  3.98890893  6.83064274]
 [ 5.93546882 19.66949136 16.01146699]
 [17.96849824  7.0093378  17.18250681]
 [ 8.41587169  6.48323738  5.31540284]
 [11.03710654  0.89583462  9.3791582 ]
 [11.55731218 12.2224595  13.42688676]
 [ 6.51625714  0.7643013  14.57083254]
 [10.68332609 18.67553028 13.39134479]
 [15.81382325  3.60234446 12.84957414]
 [13.20714631  0.55568604 16.47735044]
 [ 8.07056492  6.55149529 15.1088153 ]
 [16.24309531  9.12667245 13.92217233]
 [ 4.45985423 17.09573265 17.96123368]
 [ 4.73124451  8.42598922 12.09607641]]
[[ 6.96221949 10.58993255  6.26032902]
 [ 0.50610503  3.11110675  7.27270048]
 [18.72118906  4.97656995  7.81970675]
 [12.7461703  13.41272927 10.97563783]
 [10.21099997  0.83657805 12.80659439]
 [14.81583384 11.23189877 16.99943548]
 [ 2.42337469  9.09917505  6.95038209]
 [13.55154858  3.08333319  6.23283074]
 [ 0.7869157   4.19833654  2.59623926]
 [ 5.10503895  2.03810373 17.85592736]
 [ 9.96400314 16.76227325  3.37292599]
 [15.09904521 14.0376391  10.49455093]
 [ 0.57934249 13.54727772  0.18687921]
 [ 6.43209705 12.91749172 11.17582593]
 [ 8.97703664 10.15935782 15.18192863]
 [ 2.71423468  7.38434856  1.25910238]
 [10.92431561  8.13529897  7.0549819 ]
 [ 2.42044898  8.15031713 12.56515757]
 [ 4.30086536 19.30280778  6.63419633]
 [ 5.09781638  4.02342181 11.07721135]
 [ 8.21308557 14.89429617  9.02041513]
 [ 4.79793821  5.55440063  2.90984955]
 [17.48138581 11.39880791  3.5553736 ]
 [15.12526786 14.11582628 14.61968891]
 [16.61350814  2.23809422  1.79346041]
 [16.73866832 17.09093933 18.73090884]
 [ 9.66254352 19.3666029   2.96606557]
 [ 1.43733972  4.05401778 12.51318505]
 [18.36365402  2.17121183 17.57642861]
 [17.0667339  19.1143148  14.5800001 ]
 [13.82463922  7.03282846 17.0665288 ]
 [ 5.80877631 11.767957    4.19979009]
 [12.86744001 13.33949006  0.91492706]
 [17.22637523 10.30449577  4.4698003 ]
 [18.43824784 13.52367413 14.14213655]
 [ 8.61725223  7.4248885   8.87721017]
 [ 9.21444753  2.10395553 11.9402911 ]
 [10.18614951 11.44389445  2.20563797]
 [ 8.43039978  3.15335085 11.41389916]
 [ 2.75507157 18.63224325  4.19362307]
 [ 8.79518785  7.56469276 17.70656394]
 [19.92619255  9.12540889 14.30064662]
 [ 3.62758804  9.57436225 16.66282454]
 [ 3.14768859  5.2411373   0.40775391]
 [ 2.95390714  9.00991499 12.1238856 ]
 [14.58827885  2.61343569 15.11893799]
 [ 1.29811703  0.2909698  18.53919272]
 [ 7.62464572 14.98773126 10.3986881 ]
 [15.17913981  0.4916375   0.42191399]
 [ 5.77361214 15.22511231  6.95505886]
 [ 1.82643986 19.69497532  1.31878847]
 [17.32413936 17.77970874  7.17991792]
 [19.25579532  8.90956658 11.89151996]
 [ 7.74834705  6.84098881 12.3034262 ]
 [16.68870825  9.8027448   9.79579062]
 [ 1.59857058 12.66898058  3.72798316]
 [18.80603792  1.46888435 17.66959022]
 [ 9.21505973  3.14385938 13.56533918]
 [14.31130838 12.36981812 13.10363878]
 [12.09139974 19.94480633 19.84390555]
 [ 7.32327892  5.76326556  2.29842026]
 [ 5.57385895 15.76740219 19.69430695]
 [14.44279579  6.21368901  0.24831656]
 [18.05956706 10.41956366 18.8459868 ]
 [16.17919586  8.14024078 15.82405435]
 [11.86885524  9.9669266  12.80563554]
 [17.74405326 17.1189475  17.05018776]
 [12.63928465  9.79923905 11.5212945 ]
 [ 9.83570416  3.38315084 12.7363647 ]
 [ 0.56148095  7.12106819  0.53640901]
 [ 9.74243318 12.92605375 11.89124121]
 [15.18959285  4.50711232 10.85521696]
 [ 1.54203234 16.09380511  2.98104202]
 [ 9.97887538 11.61139668 17.74347472]
 [ 1.38867741 13.81984101 12.60388328]
 [12.68761578 18.66124148 12.06269189]
 [ 4.00834016 19.10653712  3.46798738]
 [18.0984639   5.8873634   4.25791139]
 [14.47856673  6.24437641 18.73662874]
 [ 6.67026616  2.26544952 19.34678933]
 [15.72595451  2.6247004   0.51308864]
 [ 5.1640966  10.17062323  0.56694402]
 [16.30371065 15.81119513 15.59321397]
 [ 3.92869603 13.82163836 12.07794097]
 [13.53720123  9.44136734  6.19134772]
 [12.26202726  1.35701428  4.54111012]
 [ 8.35353327  3.98890991  6.83062498]
 [ 5.93548997 19.66954983 16.01151776]
 [17.96848511  7.00933487 17.18249663]
 [ 8.41584153  6.48321519  5.31539469]
 [11.03714809  0.8958345   9.37919164]
 [11.55732114 12.22247505 13.42690326]
 [ 6.51625205  0.7643025  14.57081436]
 [10.68340296 18.67568247 13.39145169]
 [15.81382538  3.60234822 12.84957104]
 [13.20713368  0.55568908 16.47733431]
 [ 8.07049419  6.55143474 15.10867182]
 [16.24303379  9.1266491  13.92211329]
 [ 4.45984271 17.095683   17.96119418]
 [ 4.73126147  8.42604329 12.096151  ]]
[[ 6.96219392 10.5898864   6.26030817]
 [ 0.50611441  3.11110828  7.27269026]
 [18.7212275   4.97658125  7.81971633]
 [12.74615225 13.41270491 10.97562782]
 [10.21079376  0.83660001 12.80634158]
 [14.81586145 11.2319235  16.99946998]
 [ 2.42337227  9.099134    6.95035924]
 [13.55168092  3.08338022  6.23290835]
 [ 0.78692955  4.1983837   2.59627071]
 [ 5.10498627  2.03808684 17.85571908]
 [ 9.96404073 16.76234017  3.37294045]
 [15.09914808 14.03774567 10.49461748]
 [ 0.57934778 13.54727054  0.18688753]
 [ 6.43212327 12.91753899 11.17586402]
 [ 8.97698831 10.15929701 15.18184478]
 [ 2.7142147   7.38429627  1.25909568]
 [10.92426209  8.13526822  7.05495732]
 [ 2.42189273  8.14955566 12.55342112]
 [ 4.30086625 19.30281011  6.63419959]
 [ 5.0978004   4.02340669 11.0771678 ]
 [ 8.2132187  14.89451374  9.0205251 ]
 [ 4.79794584  5.55440711  2.90985965]
 [17.48121619 11.39867479  3.55536447]
 [15.12515609 14.11571832 14.61957573]
 [16.61343387  2.23809178  1.79344344]
 [16.73861504 17.09087281 18.73084012]
 [ 9.66256185 19.36664493  2.96607192]
 [ 1.43734444  4.05398815 12.51310972]
 [18.39785923  2.16648082 17.6053324 ]
 [17.06688667 19.11449556 14.58012771]
 [13.82455394  7.03278752 17.066427  ]
 [ 5.80879741 11.76799612  4.1998041 ]
 [12.86744557 13.33949551  0.91493654]
 [17.22622056 10.3044317   4.46974588]
 [18.43810394 13.52357781 14.14203249]
 [ 8.61719172  7.42483776  8.87714862]
 [ 9.21368943  2.1039239  11.93935827]
 [10.1861848  11.44393224  2.20564885]
 [ 8.4301236   3.15306347 11.41344763]
 [ 2.75507556 18.63224823  4.19362669]
 [ 8.79515983  7.56466623 17.7065035 ]
 [19.92627504  9.12544662 14.30070547]
 [ 3.62757574  9.57429856 16.66271205]
 [ 3.14767706  5.24113063  0.40775776]
 [ 2.94857817  8.99820273 12.11767044]
 [14.58829579  2.61343895 15.11895054]
 [ 1.2981157   0.29097806 18.5391117 ]
 [ 7.62467483 14.98781525 10.3987695 ]
 [15.17915916  0.49164545  0.42192174]
 [ 5.77361796 15.22511777  6.95506717]
 [ 1.82644496 19.6949891   1.31879835]
 [17.3242015  17.7797739   7.17994223]
 [19.25575431  8.90955034 11.89149873]
 [ 7.74825374  6.84090176 12.30327526]
 [16.6886072   9.80269228  9.79573942]
 [ 1.59859268 12.66910381  3.7280242 ]
 [18.83064147  1.47938117 17.69646333]
 [ 9.21330524  3.1434939  13.54761458]
 [14.31119781 12.36972148 13.10354067]
 [12.09141523 19.94483233 19.8439292 ]
 [ 7.32337834  5.76334026  2.29845046]
 [ 5.57384547 15.76736587 19.69426259]
 [14.44280074  6.21370017  0.24831773]
 [18.05970565 10.41964749 18.84613541]
 [16.17944609  8.1403618  15.82430148]
 [11.86885719  9.96691638 12.80561287]
 [17.7439797  17.11887206 17.0501288 ]
 [12.63906841  9.7990839  11.52112959]
 [ 9.82265085  3.37844086 12.73365444]
 [ 0.56148979  7.1210506   0.53640917]
 [ 9.74253804 12.92620498 11.89137215]
 [15.18967204  4.50712907 10.85526181]
 [ 1.54203804 16.09381069  2.98104679]
 [ 9.97898089 11.61152658 17.74366055]
 [ 1.38867777 13.81980006 12.60384715]
 [12.6876679  18.6612956  12.06272471]
 [ 4.00835162 19.10659013  3.46799634]
 [18.09848816  5.88735793  4.25792407]
 [14.47843546  6.24432595 18.73645647]
 [ 6.67019729  2.26543352 19.34658079]
 [15.72588154  2.62468749  0.51310037]
 [ 5.16408087 10.17058585  0.5669475 ]
 [16.30371106 15.81119355 15.59321602]
 [ 3.92868002 13.82157316 12.07789132]
 [13.53727284  9.441423    6.19137749]
 [12.26212729  1.35701771  4.54114065]
 [ 8.35348939  3.98890955  6.83060283]
 [ 5.93551416 19.66961793 16.01157575]
 [17.96846928  7.00933068 17.18248453]
 [ 8.41580608  6.48318906  5.31538448]
 [11.03719512  0.89583417  9.37922947]
 [11.55733138 12.22249225 13.42692143]
 [ 6.51624494  0.76430371 14.57079214]
 [10.68349238 18.67585892 13.39157616]
 [15.81382735  3.60235185 12.84956699]
 [13.2071183   0.5556922  16.47731514]
 [ 8.07041079  6.55136402 15.10850409]
 [16.24296124  9.12662107 13.92204398]
 [ 4.45982906 17.09562429 17.96114646]
 [ 4.73127966  8.4261063  12.09623697]]
[[ 6.96216384 10.58983254  6.26028385]
 [ 0.50612382  3.11110874  7.2726775 ]
 [18.7212707   4.97659287  7.81972697]
 [12.74613143 13.41267705 10.97561549]
 [10.21055786  0.83662375 12.80605294]
 [14.81589253 11.2319508  16.9995086 ]
 [ 2.42336875  9.09908666  6.95033189]
 [13.55183095  3.08343328  6.23299576]
 [ 0.78694402  4.19843663  2.59630638]
 [ 5.10492569  2.03806696 17.85548065]
 [ 9.9640836  16.76241535  3.37295671]
 [15.0992656  14.03786645 10.49469345]
 [ 0.5793531  13.54726115  0.18689565]
 [ 6.43215293 12.91759233 11.17590727]
 [ 8.97693231 10.15922672 15.18174827]
 [ 2.71419144  7.38423538  1.25908711]
 [10.92420051  8.13523183  7.05492853]
 [ 2.42375159  8.14896304 12.53962772]
 [ 4.30086727 19.30281252  6.63420329]
 [ 5.09778131  4.0233894  11.07711786]
 [ 8.21336994 14.89476123  9.02065003]
 [ 4.79795371  5.55441375  2.90986984]
 [17.48102094 11.39852226  3.55535383]
 [15.12502826 14.11559417 14.61944625]
 [16.61334772  2.23808842  1.79342375]
 [16.73855309 17.09079676 18.73076034]
 [ 9.66258279 19.36669261  2.96607913]
 [ 1.43734845  4.05395425 12.5130226 ]
 [18.44506241  2.16075426 17.64556859]
 [17.06706081 19.11470152 14.5802729 ]
 [13.82445603  7.03273949 17.06631065]
 [ 5.8088204  11.76803945  4.19981929]
 [12.86745114 13.33950097  0.91494601]
 [17.22604338 10.30435819  4.46968281]
 [18.43793863 13.52346648 14.14191299]
 [ 8.61712231  7.4247793   8.87707807]
 [ 9.21281445  2.1038869  11.93828196]
 [10.18622466 11.44397513  2.20566043]
 [ 8.4298071   3.15273411 11.41293038]
 [ 2.75507957 18.63225313  4.19363025]
 [ 8.7951273   7.56463576 17.70643386]
 [19.92636903  9.1254892  14.30077248]
 [ 3.62756054  9.57422504 16.66258324]
 [ 3.14766353  5.24112241  0.40776162]
 [ 2.94220099  8.98429637 12.11059792]
 [14.58831403  2.61344237 15.11896418]
 [ 1.29811401  0.29098654 18.53901788]
 [ 7.6247077  14.98791057 10.39886176]
 [15.17918069  0.49165334  0.42192938]
 [ 5.77362355 15.22512271  6.95507526]
 [ 1.82645036 19.69500452  1.31880844]
 [17.32427167 17.77984755  7.17996974]
 [19.25570642  8.90953158 11.8914735 ]
 [ 7.74814662  6.84080142 12.30310202]
 [16.68849033  9.80263135  9.7956801 ]
 [ 1.59861665 12.66924386  3.72807017]
 [18.86554952  1.49315552 17.73410037]
 [ 9.21201096  3.14334609 13.52664717]
 [14.31107055 12.36960975 13.10342718]
 [12.09143235 19.94486117 19.84395557]
 [ 7.32349187  5.76342477  2.29848367]
 [ 5.5738298  15.76732403 19.69421092]
 [14.44280608  6.21371168  0.24831892]
 [18.05986337 10.41974223 18.84630402]
 [16.1797314   8.14050007 15.82458311]
 [11.86885807  9.96690426 12.80558559]
 [17.7438945  17.11878474 17.05006006]
 [12.63882103  9.79890557 11.52093976]
 [ 9.80719766  3.37284699 12.73150952]
 [ 0.5614992   7.1210295   0.53640923]
 [ 9.74265719 12.92637645 11.89152057]
 [15.18976131  4.50714724 10.85531302]
 [ 1.54204371 16.09381608  2.98105153]
 [ 9.97910092 11.61167379 17.74387225]
 [ 1.38867803 13.81975198 12.60380457]
 [12.68772628 18.66135714 12.06276207]
 [ 4.00836402 19.10664968  3.46800592]
 [18.09851467  5.88735166  4.25793725]
 [14.47828434  6.24426793 18.73625845]
 [ 6.67011755  2.2654144  19.34634232]
 [15.72579726  2.62467175  0.5131135 ]
 [ 5.16406176 10.17054258  0.56695094]
 [16.30371067 15.81119114 15.5932173 ]
 [ 3.92866063 13.82149807 12.07783357]
 [13.53735465  9.44148562  6.19141151]
 [12.26224077  1.35702105  4.54117457]
 [ 8.35343894  3.98890786  6.83057628]
 [ 5.93554139 19.66969567 16.01164096]
 [17.96845075  7.00932523 17.1824705 ]
 [ 8.41576536  6.48315898  5.31537222]
 [11.03724765  0.89583366  9.3792717 ]
 [11.55734291 12.2225111  13.42694125]
 [ 6.51623581  0.76430492 14.57076585]
 [10.68359435 18.67605963 13.3917182 ]
 [15.81382918  3.60235535 12.84956199]
 [13.20710017  0.55569539 16.47729295]
 [ 8.07031472  6.55128313 15.10831211]
 [16.24287768  9.12658836 13.9219644 ]
 [ 4.45981326 17.09555651 17.96109051]
 [ 4.73129905  8.42617822 12.0963343 ]]
[[ 6.96212924 10.58977098  6.26025604]
 [ 0.50613326  3.11110813  7.27266221]
 [18.72131868  4.97660481  7.81973869]
 [12.74610786 13.41264567 10.97560083]
 [10.21029239  0.83664925 12.80572861]
 [14.81592708 11.23198064 16.99955135]
 [ 2.42336414  9.09903302  6.95030003]
 [13.55199867  3.08349236  6.23309297]
 [ 0.78695909  4.19849532  2.59634627]
 [ 5.10485721  2.0380441  17.85521208]
 [ 9.96413176 16.76249879  3.37297476]
 [15.09939776 14.03800144 10.49477884]
 [ 0.57935845 13.54724954  0.18690356]
 [ 6.43218601 12.91765174 11.17595569]
 [ 8.97686862 10.15914695 15.1816391 ]
 [ 2.71416492  7.38416589  1.25907666]
 [10.92413087  8.13518981  7.05489555]
 [ 2.42618141  8.14878572 12.5236325 ]
 [ 4.30086842 19.30281499  6.63420744]
 [ 5.09775913  4.02336995 11.07706152]
 [ 8.21353931 14.89503865  9.02078992]
 [ 4.79796185  5.55442056  2.90988013]
 [17.48080004 11.39835033  3.55534167]
 [15.12488437 14.11545384 14.61930047]
 [16.6132497   2.23808415  1.79340133]
 [16.73848248 17.09071118 18.73066951]
 [ 9.66260634 19.36674593  2.96608717]
 [ 1.43735175  4.0539161  12.51292369]
 [18.5138988   2.15388851 17.70489257]
 [17.06725632 19.11493267 14.58043569]
 [13.82434548  7.03268436 17.06617974]
 [ 5.80884526 11.768087    4.19983567]
 [12.86745674 13.33950645  0.91495549]
 [17.22584369 10.30427522  4.46961109]
 [18.43775191 13.52334014 14.14177803]
 [ 8.617044    7.4247131   8.87699852]
 [ 9.21181887  2.1038445  11.93705781]
 [10.18626909 11.44402311  2.20567269]
 [ 8.42944999  3.15236253 11.41234698]
 [ 2.7550836  18.63225795  4.19363374]
 [ 8.79509025  7.56460135 17.70635502]
 [19.92647451  9.12553661 14.30084766]
 [ 3.62754243  9.57414167 16.66243803]
 [ 3.147648    5.24111266  0.4077655 ]
 [ 2.93461396  8.96793097 12.10278626]
 [14.58833357  2.61344597 15.1189789 ]
 [ 1.29811196  0.29099522 18.53891124]
 [ 7.62474433 14.98801722 10.3989649 ]
 [15.17920441  0.49166117  0.42193693]
 [ 5.77362892 15.22512712  6.95508314]
 [ 1.82645604 19.69502156  1.31881874]
 [17.32434988 17.77992967  7.18000043]
 [19.25565164  8.90951029 11.89144428]
 [ 7.7480257   6.84068779 12.30290649]
 [16.68835765  9.80256203  9.79561266]
 [ 1.59864251 12.66940075  3.72812109]
 [18.91822356  1.51192741 17.79000964]
 [ 9.2120238   3.14372678 13.50228715]
 [14.3109266  12.36948293 13.1032983 ]
 [12.09145109 19.94489285 19.84398465]
 [ 7.32361951  5.76351909  2.29851989]
 [ 5.57381193 15.76727667 19.69415195]
 [14.44281182  6.21372353  0.24832013]
 [18.06004022 10.41984789 18.84649264]
 [16.1800518   8.14065557 15.82489923]
 [11.86885789  9.96689025 12.80555371]
 [17.74379766 17.11868553 17.04998155]
 [12.63854253  9.79870407 11.520725  ]
 [ 9.78922055  3.36630544 12.73107739]
 [ 0.56150919  7.12100487  0.53640921]
 [ 9.74279063 12.92656815 11.89168647]
 [15.18986064  4.50716683 10.85537058]
 [ 1.54204936 16.09382129  2.98105623]
 [ 9.97923545 11.61183832 17.74410983]
 [ 1.38867817 13.81969677 12.60375554]
 [12.68779094 18.6614261  12.06280396]
 [ 4.00837736 19.10671579  3.46801613]
 [18.09854342  5.8873446   4.25795092]
 [14.47811338  6.24420236 18.73603468]
 [ 6.67002693  2.26539216 19.34607389]
 [15.72570167  2.62465319  0.51312804]
 [ 5.16403928 10.17049344  0.56695432]
 [16.30370949 15.81118792 15.59321781]
 [ 3.92863785 13.82141307 12.07776771]
 [13.53744668  9.4415552   6.19144976]
 [12.26236768  1.35702431  4.54121187]
 [ 8.35338191  3.98890482  6.83054534]
 [ 5.93557165 19.66978306 16.01171339]
 [17.96842952  7.00931853 17.18245455]
 [ 8.41571937  6.48312496  5.3153579 ]
 [11.03730566  0.89583295  9.37931832]
 [11.55735573 12.22253161 13.42696274]
 [ 6.51622465  0.76430613 14.5707355 ]
 [10.68370886 18.6762846  13.39187781]
 [15.81383085  3.60235874 12.84955605]
 [13.2070793   0.55569865 16.47726772]
 [ 8.07020597  6.55119208 15.10809588]
 [16.24278309  9.12655095 13.92187454]
 [ 4.45979532 17.09547966 17.96102633]
 [ 4.73131966  8.42625905 12.096443  ]]
[[ 6.96209011 10.58970171  6.26022475]
 [ 0.50614273  3.11110647  7.27264438]
 [18.72137143  4.97661708  7.81975147]
 [12.74608152 13.41261078 10.97558386]
 [10.20999748  0.83667651 12.80536874]
 [14.81596509 11.23201305 16.99959822]
 [ 2.42335844  9.09897311  6.95026369]
 [13.55218408  3.08355747  6.23319997]
 [ 0.78697476  4.19855978  2.5963904 ]
 [ 5.10478083  2.03801825 17.85491335]
 [ 9.96418521 16.7625905   3.37299461]
 [15.09954457 14.03815064 10.49487365]
 [ 0.57936383 13.54723573  0.18691126]
 [ 6.43222254 12.91771722 11.17600927]
 [ 8.97679724 10.1590577  15.18151726]
 [ 2.71413512  7.38408781  1.25906434]
 [10.92405317  8.13514216  7.05485836]
 [ 2.42944734  8.14948226 12.50532372]
 [ 4.30086969 19.30281753  6.63421204]
 [ 5.09773384  4.02334833 11.07699878]
 [ 8.21372679 14.89534599  9.02094478]
 [ 4.79797025  5.55442753  2.90989052]
 [17.4805535  11.39815899  3.555328  ]
 [15.12472442 14.11529733 14.6191384 ]
 [16.6131398   2.23807894  1.79337619]
 [16.73840322 17.09061606 18.73056762]
 [ 9.6626325  19.36680489  2.96609606]
 [ 1.43735433  4.05387368 12.512813  ]
 [18.62517614  2.14584811 17.80212786]
 [17.0674732  19.11518901 14.58061607]
 [13.8242223   7.03262213 17.06603428]
 [ 5.808872   11.76813876  4.19985323]
 [12.86746235 13.33951195  0.91496496]
 [17.2256215  10.30418281  4.46953072]
 [18.43754378 13.5231988  14.14162762]
 [ 8.61695677  7.42463918  8.87690998]
 [ 9.21069819  2.10379666 11.93568058]
 [10.18631809 11.44407618  2.20568565]
 [ 8.429052    3.15194842 11.41169695]
 [ 2.75508764 18.6322627   4.19363717]
 [ 8.7950487   7.564563   17.70626697]
 [19.92659148  9.12558887 14.300931  ]
 [ 3.6275214   9.57404842 16.6622764 ]
 [ 3.14763047  5.24110136  0.40776939]
 [ 2.92559176  8.94877516 12.09453014]
 [14.58835441  2.61344974 15.11899473]
 [ 1.29810955  0.29100411 18.53879178]
 [ 7.62478471 14.9881352  10.39907891]
 [15.17923031  0.49166895  0.42194437]
 [ 5.77363406 15.22513102  6.95509082]
 [ 1.82646201 19.69504023  1.31882926]
 [17.32443612 17.78002027  7.18003432]
 [19.25558998  8.90948646 11.89141107]
 [ 7.74789096  6.84056085 12.30268864]
 [16.68820915  9.80248431  9.7955371 ]
 [ 1.59867024 12.66957447  3.72817694]
 [19.00701165  1.53956692 17.88249701]
 [ 9.21534508  3.14535967 13.47487582]
 [14.31076595 12.36934101 13.10315404]
 [12.09147145 19.94492739 19.84401645]
 [ 7.32376126  5.7636232   2.29855913]
 [ 5.57379187 15.76722379 19.69408568]
 [14.44281794  6.21373573  0.24832136]
 [18.0602362  10.41996445 18.84670127]
 [16.18040727  8.14082832 15.82524986]
 [11.86885664  9.96687433 12.80551723]
 [17.7436892  17.11857444 17.04989326]
 [12.63823291  9.7984794  11.52048533]
 [ 9.76893853  3.35885245 12.73508166]
 [ 0.56151975  7.12097673  0.53640909]
 [ 9.74293838 12.92678008 11.89186986]
 [15.18997002  4.50718783 10.85543448]
 [ 1.54205497 16.09382631  2.9810609 ]
 [ 9.97938449 11.61202017 17.74437329]
 [ 1.38867821 13.81963441 12.60370004]
 [12.68786187 18.66150248 12.06285037]
 [ 4.00839165 19.10678844  3.46802697]
 [18.09857442  5.88733674  4.2579651 ]
 [14.47792257  6.24412923 18.73578516]
 [ 6.66992542  2.2653668  19.34577551]
 [15.72559477  2.62463181  0.51314398]
 [ 5.16401342 10.17043842  0.56695767]
 [16.30370751 15.81118387 15.59321756]
 [ 3.92861167 13.82131814 12.07769373]
 [13.53754891  9.44163174  6.19149227]
 [12.26250803  1.3570275   4.54125257]
 [ 8.3533183   3.98890043  6.83050999]
 [ 5.93560495 19.66988008 16.01179304]
 [17.96840558  7.00931058 17.18243667]
 [ 8.4156681   6.48308699  5.31534153]
 [11.03736917  0.89583206  9.37936935]
 [11.55736983 12.22255377 13.42698588]
 [ 6.51621147  0.76430735 14.57070107]
 [10.68383592 18.67653383 13.39205499]
 [15.81383237  3.602362   12.84954916]
 [13.20705567  0.55570199 16.47723946]
 [ 8.07008455  6.55109085 15.10785538]
 [16.24267749  9.12650886 13.92177441]
 [ 4.45977524 17.09539374 17.96095391]
 [ 4.73134147  8.42634876 12.09656303]]
[[ 6.96204646 10.58962474  6.26018999]
 [ 0.50615224  3.11110374  7.27262402]
 [18.72142894  4.97662968  7.81976533]
 [12.74605243 13.41257237 10.97556456]
 [10.20967327  0.83670552 12.80497353]
 [14.81600658 11.23204801 16.99964921]
 [ 2.42335165  9.09890693  6.95022285]
 [13.55238718  3.0836286   6.23331676]
 [ 0.78699105  4.19863001  2.59643874]
 [ 5.10469654  2.03798942 17.85458445]
 [ 9.96424395 16.76269047  3.37301624]
 [15.09970602 14.03831405 10.49497789]
 [ 0.57936924 13.5472197   0.18691876]
 [ 6.43226251 12.91778878 11.17606803]
 [ 8.97671817 10.15895896 15.18138276]
 [ 2.71410205  7.38400113  1.25905013]
 [10.92396742  8.13508887  7.05481697]
 [ 2.43404012  8.15197803 12.48475724]
 [ 4.30087108 19.30282014  6.63421707]
 [ 5.09770545  4.02332454 11.07692964]
 [ 8.2139324  14.89568326  9.0211146 ]
 [ 4.7979789   5.55443467  2.909901  ]
 [17.48028132 11.39794826  3.55531282]
 [15.12454841 14.11512464 14.61896004]
 [16.61301803  2.23807282  1.79334833]
 [16.73831529 17.09051142 18.73045467]
 [ 9.66266128 19.36686949  2.9661058 ]
 [ 1.43735619  4.053827   12.51269055]
 [18.84672259  2.13765803 17.9991338 ]
 [17.06771144 19.11547054 14.58081403]
 [13.82408648  7.0325528  17.06587425]
 [ 5.80890061 11.76819475  4.19987198]
 [12.86746798 13.33951747  0.91497444]
 [17.2253768  10.30408094  4.46944169]
 [18.43731425 13.52304245 14.14146176]
 [ 8.61686064  7.42455752  8.87681243]
 [ 9.20944733  2.10374335 11.93414441]
 [10.18637167 11.44413435  2.2056993 ]
 [ 8.42861275  3.15149142 11.41097972]
 [ 2.7550917  18.63226736  4.19364054]
 [ 8.79500263  7.5645207  17.70616972]
 [19.92671994  9.12564596 14.3010225 ]
 [ 3.62749742  9.57394526 16.66209826]
 [ 3.14761096  5.24108853  0.40777331]
 [ 2.91481427  8.9264483  12.08655744]
 [14.58837655  2.61345368 15.11901164]
 [ 1.29810678  0.29101321 18.53865951]
 [ 7.62482885 14.98826451 10.39920379]
 [15.17925839  0.49167667  0.42195172]
 [ 5.77363898 15.22513439  6.95509829]
 [ 1.82646827 19.69506054  1.31883999]
 [17.3245304  17.78011935  7.1800714 ]
 [19.25552144  8.90946011 11.89137387]
 [ 7.74774238  6.8404206  12.30244846]
 [16.68804484  9.80239818  9.79545342]
 [ 1.59869985 12.669765    3.72823774]
 [19.19307738  1.5876816  18.07201926]
 [ 9.22765424  3.15027276 13.44704578]
 [14.31058862 12.36918401 13.10299439]
 [12.09149342 19.94496477 19.84405097]
 [ 7.32391713  5.76373712  2.29860138]
 [ 5.57376962 15.76716539 19.69401211]
 [14.44282445  6.21374828  0.24832261]
 [18.0604513  10.42009192 18.84692989]
 [16.18079783  8.14101831 15.82563499]
 [11.86885433  9.96685652 12.80547615]
 [17.7435691  17.11845146 17.04979519]
 [12.63789219  9.79823158 11.52022075]
 [ 9.74819842  3.35103774 12.75127985]
 [ 0.5615309   7.12094507  0.53640888]
 [ 9.74310042 12.92701226 11.89207074]
 [15.19008945  4.50721025 10.85550473]
 [ 1.54206057 16.09383115  2.98106553]
 [ 9.97954805 11.61221933 17.74466263]
 [ 1.38867813 13.8195649  12.60363808]
 [12.68793907 18.66158628 12.06290131]
 [ 4.00840688 19.10686764  3.46803842]
 [18.09860767  5.88732809  4.25797977]
 [14.47771188  6.24404855 18.73550985]
 [ 6.66981304  2.26533833 19.34544718]
 [15.72547656  2.62460761  0.51316132]
 [ 5.16398418 10.17037752  0.56696096]
 [16.30370473 15.81117901 15.59321654]
 [ 3.9285821  13.82121327 12.07761161]
 [13.53766136  9.44171524  6.19153901]
 [12.26266183  1.35703061  4.54129665]
 [ 8.35324811  3.98889471  6.83047025]
 [ 5.93564129 19.66998674 16.01187992]
 [17.96837894  7.00930137 17.18241686]
 [ 8.41561156  6.48304507  5.31532311]
 [11.03743818  0.89583097  9.37942477]
 [11.55738523 12.22257759 13.42701069]
 [ 6.51619627  0.76430857 14.57066257]
 [10.68397553 18.67680732 13.39224974]
 [15.81383375  3.60236513 12.84954133]
 [13.20702929  0.55570539 16.47720816]
 [ 8.06995044  6.55097945 15.10759061]
 [16.24256086  9.12646208 13.921664  ]
 [ 4.45975302 17.09529874 17.96087325]
 [ 4.73136447  8.42644734 12.09669439]]
[[ 6.9619983  10.58954007  6.26015174]
 [ 0.50616178  3.11109995  7.27260112]
 [18.72149124  4.97664261  7.81978025]
 [12.74602058 13.41253045 10.97554295]
 [10.20931994  0.83673625 12.80454318]
 [14.81605154 11.23208552 16.99970432]
 [ 2.42334378  9.0988345   6.95017754]
 [13.55260798  3.08370575  6.23344335]
 [ 0.78700793  4.198706    2.59649131]
 [ 5.10460435  2.0379576  17.85422535]
 [ 9.96430797 16.7627987   3.37303967]
 [15.09988211 14.03849167 10.49509154]
 [ 0.57937468 13.54720146  0.18692605]
 [ 6.43230591 12.91786642 11.17613195]
 [ 8.9766314  10.15885073 15.18123557]
 [ 2.71406571  7.38390586  1.25903405]
 [10.92387361  8.13502994  7.05477137]
 [ 2.44098644  8.15837703 12.46262573]
 [ 4.3008726  19.30282282  6.63422256]
 [ 5.09767395  4.02329857 11.0768541 ]
 [ 8.21415614 14.89605046  9.02129938]
 [ 4.79798782  5.55444197  2.90991158]
 [17.4799835  11.39771812  3.55529612]
 [15.12435634 14.11493576 14.61876538]
 [16.61288439  2.23806578  1.79331774]
 [16.73821869 17.09039724 18.73033067]
 [ 9.66269266 19.36693974  2.96611637]
 [ 1.43735734  4.05377605 12.51255632]
 [19.59994748  2.14414822 18.68393931]
 [17.06797104 19.11577726 14.58102959]
 [13.82393801  7.03247636 17.06569964]
 [ 5.8089311  11.76825495  4.19989191]
 [12.86747362 13.33952301  0.91498391]
 [17.22510959 10.30396963  4.46934402]
 [18.4370633  13.52287108 14.14128046]
 [ 8.61675561  7.42446814  8.87670589]
 [ 9.20806212  2.10368449 11.93244471]
 [10.18642981 11.44419761  2.20571363]
 [ 8.42813188  3.15099115 11.41019464]
 [ 2.75509578 18.63227195  4.19364384]
 [ 8.79495204  7.56447447 17.70606326]
 [19.92685989  9.1257079  14.30112216]
 [ 3.62747049  9.57383214 16.66190356]
 [ 3.14758944  5.24107415  0.40777724]
 [ 2.90182417  8.90066436 12.08079096]
 [14.58840001  2.61345779 15.11902966]
 [ 1.29810365  0.29102252 18.53851441]
 [ 7.62487675 14.98840514 10.39933953]
 [15.17928865  0.49168433  0.42195897]
 [ 5.77364366 15.22513725  6.95510554]
 [ 1.82647481 19.69508248  1.31885094]
 [17.32463271 17.7802269   7.18011168]
 [19.255446    8.90943123 11.89133267]
 [ 7.74757998  6.84026703 12.30218595]
 [16.68786471  9.80230366  9.79536162]
 [ 1.59873133 12.66997237  3.72830348]
 [19.86646371  1.72090923 18.74000533]
 [ 9.27135331  3.16637636 13.43487038]
 [14.31039458 12.36901191 13.10281936]
 [12.09151702 19.94500499 19.8440882 ]
 [ 7.3240871   5.76386084  2.29864664]
 [ 5.57374518 15.76710147 19.69393124]
 [14.44283135  6.21376117  0.24832388]
 [18.06068551 10.4202303  18.8471785 ]
 [16.18122349  8.14122556 15.82605463]
 [11.86885096  9.96683683 12.80543049]
 [17.74343737 17.1183166  17.04968736]
 [12.63752036  9.7979606  11.51993126]
 [ 9.73847159  3.34655569 12.81036388]
 [ 0.56154262  7.1209099   0.53640858]
 [ 9.74327677 12.92726468 11.89228912]
 [15.19021892  4.50723408 10.85558133]
 [ 1.54206613 16.09383582  2.98107012]
 [ 9.97972612 11.61243582 17.74497786]
 [ 1.38867794 13.81948825 12.60356965]
 [12.68802254 18.6616775  12.06295678]
 [ 4.00842306 19.10695339  3.46805051]
 [18.09864317  5.88731864  4.25799494]
 [14.4774813   6.24396028 18.73520872]
 [ 6.66968976  2.26530673 19.34508886]
 [15.72534703  2.62458059  0.51318007]
 [ 5.16395157 10.17031075  0.56696421]
 [16.30370115 15.81117333 15.59321475]
 [ 3.92854913 13.82109843 12.07752134]
 [13.53778402  9.44180571  6.19159   ]
 [12.26282906  1.35703365  4.54134412]
 [ 8.35317135  3.98888763  6.83042611]
 [ 5.93568067 19.67010305 16.01197401]
 [17.96834957  7.00929089 17.1823951 ]
 [ 8.41554975  6.4829992   5.31530264]
 [11.03751268  0.89582969  9.37948459]
 [11.55740191 12.22260307 13.42703715]
 [ 6.51617903  0.76430979 14.57061998]
 [10.68412769 18.67710508 13.39246207]
 [15.81383499  3.60236815 12.84953257]
 [13.20700015  0.55570887 16.4771738 ]
 [ 8.06980364  6.55085786 15.10730154]
 [16.2424332   9.1264106  13.92154331]
 [ 4.45972865 17.09519465 17.96078434]
 [ 4.73138867  8.42655477 12.09683707]]
[[ 6.96194562 10.5894477   6.26011002]
 [ 0.50617136  3.1110951   7.2725757 ]
 [18.72155836  4.97665587  7.81979626]
 [12.74598597 13.41248502 10.97551901]
 [10.20893768  0.83676869 12.80407791]
 [14.81609996 11.2321256  16.99976356]
 [ 2.42333483  9.09875583  6.95012776]
 [13.55284649  3.08378893  6.23357974]
 [ 0.78702543  4.19878776  2.59654811]
 [ 5.10450423  2.03792279 17.85383602]
 [ 9.96437728 16.76291519  3.3730649 ]
 [15.10007286 14.0386835  10.49521462]
 [ 0.57938015 13.54718101  0.18693313]
 [ 6.43235276 12.91795014 11.17620105]
 [ 8.97653691 10.15873298 15.18107568]
 [ 2.7140261   7.383802    1.25901608]
 [10.92377176  8.13496539  7.05472158]
 [ 2.4528829   8.17444795 12.44221452]
 [ 4.30087424 19.30282557  6.63422848]
 [ 5.09763936  4.02327044 11.07677216]
 [ 8.21439801 14.8964476   9.02149914]
 [ 4.79799699  5.55444944  2.90992225]
 [17.47966004 11.39746859  3.55527791]
 [15.1241482  14.1147307  14.61855441]
 [16.61273888  2.23805782  1.79328443]
 [16.73811344 17.09027353 18.73019561]
 [ 9.66272666 19.36701563  2.96612779]
 [ 1.43735778  4.05372085 12.51241033]
 [30.69109405  4.09726506 27.68825725]
 [17.06825202 19.11610917 14.58126274]
 [13.82377685  7.03239279 17.06551041]
 [ 5.80896347 11.76831936  4.19991303]
 [12.86747929 13.33952857  0.91499339]
 [17.22481987 10.30384886  4.46923769]
 [18.43679093 13.5226847  14.14108369]
 [ 8.61664169  7.42437104  8.87659037]
 [ 9.20654697  2.10362019 11.93058706]
 [10.18649253 11.44426596  2.20572866]
 [ 8.42760902  3.15044719 11.40934108]
 [ 2.75509987 18.63227645  4.19364708]
 [ 8.79489692  7.56442428 17.70594757]
 [19.92701135  9.12577468 14.30122999]
 [ 3.62744059  9.57370902 16.66169221]
 [ 3.14756593  5.24105824  0.40778119]
 [ 2.88603051  8.87205851 12.08315879]
 [14.5884248   2.61346208 15.11904882]
 [ 1.29810015  0.29103204 18.53835647]
 [ 7.62492839 14.98855709 10.39948614]
 [15.1793211   0.49169194  0.42196611]
 [ 5.77364812 15.22513958  6.95511259]
 [ 1.82648165 19.69510605  1.31886209]
 [17.32474306 17.78034293  7.18015514]
 [19.25536366  8.9093998  11.89128748]
 [ 7.74740373  6.84010012 12.30190111]
 [16.68766875  9.80220073  9.79526168]
 [ 1.59876469 12.67019655  3.72837415]
 [29.66250647  5.73065298 27.47185185]
 [ 9.53297105  3.25884321 13.61608409]
 [14.31018384 12.36882471 13.10262894]
 [12.09154224 19.94504807 19.84412815]
 [ 7.32427118  5.76399436  2.29869492]
 [ 5.57371854 15.76703202 19.69384305]
 [14.44283864  6.21377441  0.24832517]
 [18.06093886 10.42037958 18.84744711]
 [16.18168431  8.14145011 15.82650887]
 [11.86884656  9.96681526 12.80538025]
 [17.74329401 17.11816985 17.04956974]
 [12.63711743  9.79766647 11.51961686]
 [ 9.86757286  3.38793158 13.1685864 ]
 [ 0.56155492  7.1208712   0.53640819]
 [ 9.74346744 12.92753736 11.892525  ]
 [15.19035848  4.50725934 10.85566429]
 [ 1.54207166 16.0938403   2.98107468]
 [ 9.97991872 11.61266964 17.74531899]
 [ 1.38867764 13.81940443 12.60349475]
 [12.68811227 18.66177613 12.06301677]
 [ 4.00844017 19.10704568  3.46806321]
 [18.09868093  5.8873084   4.25801061]
 [14.4772307   6.24386437 18.73488161]
 [ 6.66955558  2.265272   19.34470051]
 [15.7252062   2.62455074  0.51320022]
 [ 5.16391558 10.1702381   0.56696742]
 [16.30369677 15.81116683 15.5932122 ]
 [ 3.92851275 13.82097361 12.07742291]
 [13.53791689  9.44190314  6.19164523]
 [12.26300972  1.35703661  4.54139497]
 [ 8.35308804  3.98887923  6.8303776 ]
 [ 5.93572309 19.670229   16.01207533]
 [17.96831738  7.0092791  17.18237131]
 [ 8.41548267  6.4829494   5.31528011]
 [11.03759261  0.89582822  9.37954876]
 [11.55741988 12.2226302  13.42706528]
 [ 6.51615976  0.76431102 14.57057329]
 [10.68429241 18.67742712 13.39269197]
 [15.81383617  3.60237107 12.84952292]
 [13.20696818  0.55571243 16.47713631]
 [ 8.06964411  6.55072604 15.10698811]
 [16.24229447  9.1263544  13.9214123 ]
 [ 4.45970214 17.09508146 17.96068717]
 [ 4.73141405  8.42667101 12.09699104]]
[[ 6.96188842 10.58934764  6.26006482]
 [ 0.50618096  3.1110892   7.27254776]
 [18.72163052  4.97666954  7.81981343]
 [12.74594857 13.41243605 10.97549273]
 [10.20852686  0.83680282 12.80357818]
 [14.81615191 11.23216827 16.99982698]
 [ 2.42332481  9.09867095  6.95007352]
 [13.55310272  3.08387813  6.23372594]
 [ 0.78704353  4.19887529  2.59660912]
 [ 5.10439616  2.03788497 17.85341626]
 [ 9.96445188 16.76303996  3.37309191]
 [15.1002783  14.03888959 10.49534716]
 [ 0.57938565 13.54715835  0.18694001]
 [ 6.43240306 12.91803996 11.17627533]
 [ 8.97643462 10.1586056  15.18090293]
 [ 2.71398322  7.38368954  1.25899624]
 [10.92366186  8.13489521  7.0546676 ]
 [ 2.47888492  8.2222315  12.44093693]
 [ 4.300876   19.30282838  6.63423485]
 [ 5.09760171  4.02324018 11.07668395]
 [ 8.21465802 14.89687472  9.02171388]
 [ 4.79800642  5.55445708  2.90993303]
 [17.47931088 11.3971996   3.55525818]
 [15.1239239  14.11450935 14.61832706]
 [16.61258154  2.23804894  1.79324839]
 [16.73799949 17.09014025 18.73004946]
 [ 9.66276326 19.36709713  2.96614005]
 [ 1.4373575   4.05366138 12.51225259]
 [41.78224078  6.05038195 36.69257534]
 [17.06855441 19.11646633 14.58151353]
 [13.82360281  7.03230197 17.06530631]
 [ 5.80899772 11.76838799  4.19993533]
 [12.86748497 13.33953415  0.91500286]
 [17.22450758 10.30371861  4.46912269]
 [18.43649695 13.52248316 14.14087133]
 [ 8.61651892  7.42426628  8.87646591]
 [ 9.20493867  2.103553   11.92861484]
 [10.18655982 11.44433941  2.20574438]
 [ 8.42704357  3.14985895 11.40841795]
 [ 2.75510397 18.63228088  4.19365026]
 [ 8.79483723  7.56437008 17.70582253]
 [19.92717449  9.1258464  14.30134612]
 [ 3.6274077   9.57357583 16.6614641 ]
 [ 3.14754042  5.24104079  0.40778516]
 [ 2.86750008  8.84803529 12.11861139]
 [14.58845104  2.61346657 15.11906922]
 [ 1.29809629  0.29104178 18.53818564]
 [ 7.62498376 14.98872032 10.39964358]
 [15.17935571  0.49169949  0.42197316]
 [ 5.77365236 15.22514138  6.95511943]
 [ 1.82648877 19.69513126  1.31887346]
 [17.32486148 17.78046747  7.18020181]
 [19.2552743   8.90936578 11.89123821]
 [ 7.74721377  6.83992004 12.30159417]
 [16.6874568   9.80208929  9.79515354]
 [ 1.59879993 12.67043755  3.72844977]
 [39.45854885  9.74039662 36.20369801]
 [33.8724397  18.56659724 47.48515251]
 [14.3099563  12.36862231 13.10242304]
 [12.09156909 19.94509401 19.84417083]
 [ 7.32446936  5.76413767  2.29874621]
 [ 5.57368971 15.76695703 19.69374754]
 [14.44284632  6.21378799  0.24832648]
 [18.06121165 10.42053999 18.84773607]
 [16.18218076  8.14169222 15.82699812]
 [11.86884118  9.96679188 12.80532552]
 [17.74313893 17.11801113 17.04944227]
 [12.63668326  9.79734906 11.51927745]
 [28.80108306 16.61011923 54.26739878]
 [ 0.56156779  7.120829    0.5364077 ]
 [ 9.74367246 12.92783037 11.89277844]
 [15.19050841  4.50728613 10.8557538 ]
 [ 1.54207717 16.09384459  2.98107921]
 [ 9.98012593 11.61292092 17.7456862 ]
 [ 1.38867722 13.81931344 12.60341336]
 [12.68820825 18.66188213 12.06308126]
 [ 4.00845824 19.10714453  3.46807655]
 [18.09872102  5.8872974   4.25802679]
 [14.47695936  6.24376046 18.73452754]
 [ 6.66941041  2.26523412 19.34428183]
 [15.72505406  2.62451807  0.51322177]
 [ 5.16387621 10.17015957  0.56697057]
 [16.30369159 15.81115951 15.59320888]
 [ 3.92847295 13.82083876 12.07731629]
 [13.53805999  9.44200754  6.19170471]
 [12.26320378  1.35703949  4.54144921]
 [ 8.35299831  3.98886957  6.83032479]
 [ 5.93576856 19.67036463 16.0121839 ]
 [17.96828159  7.00926564 17.18234474]
 [ 8.41541034  6.48289567  5.31525555]
 [11.0376777   0.89582658  9.37961709]
 [11.55743915 12.22265899 13.42709508]
 [ 6.51613845  0.76431225 14.57052251]
 [10.68446971 18.67777349 13.39293949]
 [15.81383752  3.60237395 12.84951258]
 [13.20693316  0.55571605 16.4770954 ]
 [ 8.0694717   6.55058382 15.10664998]
 [16.24214436  9.12629329 13.92127073]
 [ 4.45967346 17.09495913 17.96058169]
 [ 4.73144059  8.42679603 12.09715627]]
[[ 6.96182718 10.58924068  6.26001654]
 [ 0.50619058  3.11108237  7.2725176 ]
 [18.72170583  4.97668312  7.81983107]
 [12.74590867 13.41238385 10.97546434]
 [10.208089    0.83683852 12.80304581]
 [14.81620714 11.23221336 16.99989432]
 [ 2.42331382  9.09858052  6.95001526]
 [13.55337919  3.0839739   6.23388287]
 [ 0.78706224  4.19896835  2.59667428]
 [ 5.10428087  2.03784446 17.85296934]
 [ 9.96453162 16.76317273  3.37312068]
 [15.10049795 14.03910947 10.49548882]
 [ 0.57939118 13.54713378  0.18694667]
 [ 6.43245664 12.91813549 11.17635449]
 [ 8.97632569 10.15847006 15.18071934]
 [ 2.71393717  7.38356882  1.25897453]
 [10.92354478  8.13482009  7.05460989]
 [ 2.58676601  8.47949088 12.63775174]
 [ 4.30087793 19.30283151  6.63424174]
 [ 5.09756149  4.02320832 11.07659077]
 [ 8.21493562 14.89733069  9.021943  ]
 [ 4.79801609  5.55446486  2.90994389]
 [17.47893687 11.39691174  3.55523707]
 [15.12368411 14.11427236 14.61808394]
 [16.61241139  2.23803903  1.79320959]
 [16.73787705 17.08999761 18.72989244]
 [ 9.66280271 19.36718479  2.96615322]
 [ 1.43735654  4.05359828 12.51208494]
 [52.87338796  8.0034989  45.69689382]
 [17.06887779 19.11684824 14.58178158]
 [13.82341686  7.03220443 17.06508854]
 [ 5.80903377 11.76846067  4.19995878]
 [12.86749066 13.33953975  0.91501234]
 [17.22417364 10.30357943  4.46899922]
 [18.43618236 13.52226718 14.1406441 ]
 [ 8.61638834  7.42415487  8.8763335 ]
 [ 9.20323176  2.10348285 11.92652109]
 [10.18663142 11.44441765  2.20576075]
 [ 8.42643111  3.14922431 11.40741912]
 [ 2.75510809 18.63228522  4.19365337]
 [ 8.79477346  7.56431237 17.70568924]
 [19.92734879  9.12592282 14.30147018]
 [ 3.6273722   9.57343391 16.66122146]
 [ 3.147513    5.24102194  0.40778912]
 [ 2.86519091  8.92775246 12.40660517]
 [14.58847819  2.61347117 15.11909032]
 [ 1.2980921   0.29105171 18.53800297]
 [ 7.62504326 14.98889567 10.3998124 ]
 [15.17939265  0.49170699  0.42198011]
 [ 5.77365638 15.22514272  6.95512608]
 [ 1.82649617 19.69515791  1.31888504]
 [17.32498759 17.78060014  7.18025155]
 [19.25517847  8.90932941 11.89118521]
 [ 7.74701415  6.83973133 12.30127201]
 [16.68723032  9.80197022  9.79503797]
 [ 1.59883701 12.6706949   3.72853021]
 [49.25459124 13.75014026 44.93554419]
 [58.21190728 13.87435069 81.35421948]
 [14.30971287 12.36840554 13.10220246]
 [12.09159748 19.94514267 19.8442161 ]
 [ 7.324681    5.76429023  2.29880039]
 [ 5.57365873 15.76687668 19.69364493]
 [14.44285449  6.21380197  0.2483278 ]
 [18.06150302 10.42071099 18.84804446]
 [16.18271103  8.14195096 15.82752069]
 [11.86883391  9.96676587 12.80526534]
 [17.74297265 17.11784096 17.04930545]
 [12.63622025  9.79701035 11.51891506]
 [47.73459162  9.83230594 95.36620801]
 [ 0.56158125  7.12078337  0.53640712]
 [ 9.74389092 12.92814238 11.89304833]
 [15.19066481  4.5073133  10.85584737]
 [ 1.54208266 16.09384875  2.9810837 ]
 [ 9.98034691 11.61318858 17.74607792]
 [ 1.38867671 13.81921559 12.60332575]
 [12.6883108  18.66199601 12.06315057]
 [ 4.00847719 19.10724963  3.46809046]
 [18.09876241  5.8872853   4.2580433 ]
 [14.4766697   6.24364962 18.73414961]
 [ 6.66925517  2.26519339 19.34383588]
 [15.72489025  2.62448252  0.51324474]
 [ 5.16383364 10.17007554  0.56697367]
 [16.30368563 15.81115138 15.5932048 ]
 [ 3.92842997 13.82069487 12.07720226]
 [13.53821271  9.44211849  6.19176821]
 [12.26340956  1.35704214  4.54150635]
 [ 8.35290383  3.98885949  6.83026886]
 [ 5.93581698 19.67050959 16.01229945]
 [17.96824354  7.00925103 17.18231663]
 [ 8.41533331  6.48283848  5.31522923]
 [11.03776432  0.8958247   9.37968694]
 [11.55745958 12.2226893  13.42712639]
 [ 6.5161156   0.76431349 14.57046894]
 [10.68465916 18.6781434  13.39320409]
 [15.81383746  3.60237645 12.84950034]
 [13.20689634  0.55571975 16.47705261]
 [ 8.06928883  6.55043364 15.10629222]
 [16.24198452  9.12622822 13.92111994]
 [ 4.45964277 17.09482828 17.96046855]
 [ 4.73146766  8.42692841 12.09733098]]
[[  6.96176186  10.58912678   6.25996514]
 [  0.5062002    3.11107462   7.27248518]
 [ 18.72178423   4.9766966    7.81984915]
 [ 12.74586629  13.41232843  10.97543385]
 [ 10.20762437   0.83687578  12.80248111]
 [ 14.81626565  11.23226085  16.99996556]
 [  2.42330182   9.09848432   6.94995285]
 [ 13.55367591   3.08407624   6.23405053]
 [  0.78708155   4.19906698   2.59674357]
 [  5.10415839   2.03780126  17.85249531]
 [  9.96461649  16.76331348   3.3731512 ]
 [ 15.10073177  14.03934311  10.49563959]
 [  0.57939674  13.54710732   0.18695312]
 [  6.43251347  12.91823669  11.1764385 ]
 [  8.97621022  10.15832647  15.18052508]
 [  2.71388792   7.38343982   1.25895096]
 [ 10.9234205    8.13474002   7.05454846]
 [ 16.4092873   29.06131     43.96447556]
 [  4.30088005  19.30283499   6.63424917]
 [  5.09751865   4.02317483  11.07649254]
 [  8.21523074  14.89781544   9.02218646]
 [  4.79802601   5.55447279   2.90995484]
 [ 17.47853806  11.39660503   3.55521458]
 [ 15.12342887  14.11401977  14.61782511]
 [ 16.6122284    2.23802808   1.79316801]
 [ 16.73774615  17.08984566  18.7297246 ]
 [  9.66284504  19.36727865   2.96616729]
 [  1.43735485   4.05353144  12.5119068 ]
 [ 63.96453539   9.95661589  54.70121251]
 [ 17.06922206  19.1172548   14.58206683]
 [ 13.82321904   7.03210016  17.06485712]
 [  5.80907163  11.7685374    4.19998336]
 [ 12.86749638  13.33954536   0.91502181]
 [ 17.22381809  10.30343134   4.46886729]
 [ 18.43584724  13.52203685  14.14040209]
 [  8.61624993   7.42403678   8.87619311]
 [  9.20142548   2.10340993  11.92430496]
 [ 10.18670732  11.44450065   2.20577778]
 [  8.42577113   3.14854275  11.40634378]
 [  2.75511223  18.63228947   4.19365641]
 [  8.79470565   7.56425116  17.70554773]
 [ 19.92753423   9.12600392  14.30160216]
 [  3.62733437   9.57328396  16.66096561]
 [  3.14748364   5.24100171   0.40779309]
 [ 12.20044327  22.28496944  47.45832261]
 [ 14.58850623   2.61347589  15.11911212]
 [  1.29808756   0.29106186  18.53780848]
 [  7.62510693  14.98908325  10.39999266]
 [ 15.1794319    0.49171443   0.42198695]
 [  5.7736602   15.2251436    6.95513255]
 [  1.82650384  19.69518598   1.31889682]
 [ 17.32512135  17.78074088   7.18030432]
 [ 19.25507622   8.90929073  11.89112848]
 [  7.7468049    6.839534    12.30093464]
 [ 16.68698935   9.80184354   9.794915  ]
 [  1.59887593  12.67096863   3.7286155 ]
 [ 59.05063364  17.7598839   53.66739036]
 [ 82.55137441   9.18210402 115.22328582]
 [ 14.30945361  12.36817445  13.10196726]
 [ 12.0916274   19.94519401  19.84426393]
 [  7.32490614   5.76445208   2.29885749]
 [  5.57362564  15.76679104  19.69353528]
 [ 14.44286314   6.21381633   0.24832914]
 [ 18.06181286  10.42089254  18.84837219]
 [ 16.18327506   8.1422263   15.82807651]
 [ 11.86882473   9.9667372   12.80519969]
 [ 17.74279528  17.11765942  17.04915935]
 [ 12.63572846   9.79665039  11.51852975]
 [ 66.66809948   3.0544925  136.46501584]
 [  0.56159528   7.12073432   0.53640644]
 [  9.74412274  12.92847329  11.89333459]
 [ 15.19082764   4.50734085  10.85594498]
 [  1.54208812  16.09385276   2.98108816]
 [  9.98058155  11.61347251  17.74649399]
 [  1.38867611  13.81911103  12.60323204]
 [ 12.68841997  18.66211784  12.06322473]
 [  4.00849702  19.10736094   3.46810495]
 [ 18.09880507   5.88727209   4.25806012]
 [ 14.47636179   6.24353186  18.73374792]
 [  6.66908989   2.26514982  19.34336273]
 [ 15.72471475   2.62444409   0.51326912]
 [  5.16378786  10.16998599   0.56697672]
 [ 16.30367889  15.81114245  15.59319997]
 [  3.92838389  13.8205423   12.0770811 ]
 [ 13.53837505   9.44223596   6.19183572]
 [ 12.26362705   1.35704457   4.54156641]
 [  8.35280456   3.98884899   6.83020978]
 [  5.93586834  19.67066382  16.01242192]
 [ 17.96820329   7.0092353   17.18228705]
 [  8.41525157   6.4827778    5.31520114]
 [ 11.03785248   0.89582257   9.37975829]
 [ 11.55748117  12.22272112  13.42715922]
 [  6.51609119   0.76431472  14.5704126 ]
 [ 10.68486069  18.67853672  13.39348568]
 [ 15.81383598   3.60237857  12.8494862 ]
 [ 13.20685775   0.5557235   16.47700797]
 [  8.06909557   6.55027555  15.10591494]
 [ 16.24181499   9.12615921  13.92095997]
 [  4.45961011  17.09468908  17.96034791]
 [  4.73149514   8.4270681   12.09751516]]
[[  6.96169138  10.58900438   6.25990987]
 [  0.50620982   3.11106569   7.27244982]
 [ 18.72186654   4.97671016   7.81986798]
 [ 12.7458211   13.41226948  10.97540102]
 [ 10.20713313   0.83691456  12.80188429]
 [ 14.81632759  11.23231086  17.00004087]
 [  2.42328808   9.0983795    6.94988453]
 [ 13.55399186   3.08418495   6.23422853]
 [  0.78710152   4.19917154   2.59681715]
 [  5.10402804   2.03775521  17.85199189]
 [  9.96470675  16.76346265   3.37318353]
 [ 15.10098022  14.03959092  10.49579978]
 [  0.57940231  13.5470782    0.18695938]
 [  6.43257426  12.91834488  11.17652841]
 [  8.97608659  10.15817316  15.18031764]
 [  2.71383527   7.38330194   1.25892552]
 [ 10.92328834   8.13465454   7.05448292]
 [ 10.23180868  49.6431293   75.29119973]
 [  4.30088218  19.30283812   6.63425691]
 [  5.09747239   4.0231393   11.07638774]
 [  8.21554481  14.89833142   9.02244561]
 [  4.7980362    5.5544809    2.90996589]
 [ 17.47811375  11.39627902   3.5551906 ]
 [ 15.12315759  14.11375105  14.61755002]
 [ 16.61203314   2.23801615   1.79312369]
 [ 16.73760663  17.08968421  18.72954573]
 [  9.6628898   19.36737781   2.96618217]
 [  1.43735186   4.05345937  12.5117116 ]
 [ 75.05568298  11.90973291  63.70553134]
 [ 17.06958769  19.11768652  14.58236965]
 [ 13.82300898   7.03198901  17.06461163]
 [  5.80911148  11.76861855   4.20000918]
 [ 12.86750211  13.33955099   0.91503129]
 [ 17.22344023  10.30327396   4.46872674]
 [ 18.43549087  13.52179165  14.14014475]
 [  8.61610262   7.42391123   8.87604384]
 [  9.19952047   2.10333464  11.92196727]
 [ 10.1867879   11.44458884   2.20579551]
 [  8.42506386   3.14781387  11.40519195]
 [  2.75511638  18.63229366   4.1936594 ]
 [  8.79463338   7.56418614  17.70539724]
 [ 19.92773106   9.12608981  14.30174222]
 [  3.6272917    9.57311964  16.66068502]
 [  3.14745222   5.24097986   0.40779709]
 [  1.53569549  35.64218618  82.51003942]
 [ 14.58853527   2.61348073  15.11913472]
 [  1.29808261   0.29107225  18.53760089]
 [  7.62517367  14.98928092  10.40018299]
 [ 15.17947338   0.49172181   0.42199369]
 [  5.77366376  15.22514385   6.95513876]
 [  1.82651183  19.69521593   1.31890882]
 [ 17.32526317  17.7808901    7.1803603 ]
 [ 19.25496725   8.9092496   11.89106786]
 [  7.74658214   6.83932525  12.30057674]
 [ 16.68673307   9.80170878   9.79478418]
 [  1.59891686  12.67126017   3.72870591]
 [ 68.84667604   1.76962754  62.39923654]
 [106.89084125   4.48985733 149.09235177]
 [ 14.30917777  12.36792841  13.10171679]
 [ 12.09165894  19.9452482   19.84431448]
 [  7.32514556   5.76462376   2.29891762]
 [  5.57359027  15.76669965  19.69341805]
 [ 14.44287221   6.21383105   0.2483305 ]
 [ 18.06214168  10.42108493  18.84871977]
 [ 16.1838736    8.14251859  15.82866629]
 [ 11.8688143    9.96670639  12.80512924]
 [ 17.74260635  17.11746609  17.04900356]
 [ 12.63520635   9.79626807  11.51812024]
 [ 85.60160693  16.27667905 177.56382284]
 [  0.56160987   7.12068166   0.53640568]
 [  9.74436955  12.92882516  11.89363901]
 [ 15.19099787   4.50736903  10.85604727]
 [  1.54209354  16.09385652   2.98109258]
 [  9.98083094  11.61377391  17.74693624]
 [  1.38867526  13.81899752  12.60313036]
 [ 12.68853527  18.6622469   12.06330329]
 [  4.00851789  19.10747922   3.46812011]
 [ 18.09884959   5.88725795   4.25807737]
 [ 14.47603471   6.24340684  18.73332133]
 [  6.66891397   2.26510328  19.34286067]
 [ 15.72452782   2.62440281   0.51329492]
 [  5.16373852  10.16989028   0.56697973]
 [ 16.30367135  15.8111327   15.59319438]
 [  3.92833315  13.82037542  12.07694833]
 [ 13.53854748   9.44236028   6.19190743]
 [ 12.2638571    1.35704683   4.54162964]
 [  8.35269936   3.98883761   6.83014677]
 [  5.93592286  19.67082811  16.01255195]
 [ 17.9681603    7.00921825  17.1822555 ]
 [  8.41516451   6.48271325   5.31517099]
 [ 11.03794296   0.8958202    9.37983176]
 [ 11.55750406  12.22275459  13.42719371]
 [  6.51606505   0.76431597  14.57035305]
 [ 10.68507508  18.67895478  13.39378519]
 [ 15.81383342   3.60238037  12.84947042]
 [ 13.20681713   0.55572733  16.47696117]
 [  8.06889031   6.55010846  15.10551537]
 [ 16.24163501   9.12608585  13.92079019]
 [  4.45957502  17.0945398   17.96021797]
 [  4.73153245   8.42722681  12.09772559]]
[[6.96161569e+00 1.05888734e+01 6.25985070e+00]
 [5.06219424e-01 3.11105559e+00 7.27241151e+00]
 [1.87219529e+01 4.97672385e+00 7.81988762e+00]
 [1.27457731e+01 1.34122070e+01 1.09753658e+01]
 [1.02066155e+01 8.36954858e-01 1.28012557e+01]
 [1.48163930e+01 1.12323634e+01 1.70001203e+01]
 [2.42327257e+00 9.09826601e+00 6.94981025e+00]
 [1.35543270e+01 3.08430004e+00 6.23441682e+00]
 [7.87122161e-01 4.19928203e+00 2.59689504e+00]
 [5.10388980e+00 2.03770632e+00 1.78514590e+01]
 [9.96480244e+00 1.67636203e+01 3.37321769e+00]
 [1.51012434e+01 1.40398530e+01 1.04959694e+01]
 [5.79407890e-01 1.35470464e+01 1.86965481e-01]
 [6.43263901e+00 1.29184601e+01 1.11766242e+01]
 [8.97595477e+00 1.01580101e+01 1.51800969e+01]
 [2.71377920e+00 7.38315514e+00 1.25889819e+00]
 [1.09231483e+01 8.13456361e+00 7.05441327e+00]
 [4.05433008e+00 7.02249487e+01 1.06617924e+02]
 [4.30088434e+00 1.93028409e+01 6.63426495e+00]
 [5.09742270e+00 4.02310172e+00 1.10762763e+01]
 [8.21587787e+00 1.48988788e+01 9.02272050e+00]
 [4.79804666e+00 5.55448918e+00 2.90997705e+00]
 [1.74776639e+01 1.13959337e+01 3.55516512e+00]
 [1.51228702e+01 1.41134661e+01 1.46172586e+01]
 [1.66118257e+01 2.23800325e+00 1.79307665e+00]
 [1.67374584e+01 1.70895132e+01 1.87293558e+01]
 [9.66293693e+00 1.93674822e+01 2.96619784e+00]
 [1.43734755e+00 4.05338205e+00 1.25114993e+01]
 [8.61468307e+01 1.38628499e+01 7.27098503e+01]
 [1.70699748e+01 1.91181436e+01 1.45826902e+01]
 [1.38227866e+01 7.03187095e+00 1.70643520e+01]
 [5.80915333e+00 1.17687041e+01 4.20003624e+00]
 [1.28675079e+01 1.33395566e+01 9.15040768e-01]
 [1.72230400e+01 1.03031072e+01 4.46857756e+00]
 [1.84351131e+01 1.35215315e+01 1.41398720e+01]
 [8.61594639e+00 7.42377820e+00 8.87588566e+00]
 [9.19751589e+00 2.10325721e+00 1.19195071e+01]
 [1.01868732e+01 1.14446822e+01 2.20581394e+00]
 [8.42430874e+00 3.14703705e+00 1.14039627e+01]
 [2.75512055e+00 1.86322978e+01 4.19366232e+00]
 [8.79455663e+00 7.56411729e+00 1.77052377e+01]
 [1.99279393e+01 9.12618053e+00 1.43018904e+01]
 [3.62724415e+00 9.57294086e+00 1.66603795e+01]
 [3.14741872e+00 5.24095638e+00 4.07801129e-01]
 [1.08709477e+01 4.89994028e+01 1.17561756e+02]
 [1.45885653e+01 2.61348570e+00 1.51191581e+01]
 [1.29807723e+00 2.91082895e-01 1.85373801e+01]
 [7.62524342e+00 1.49894886e+01 1.04003833e+01]
 [1.51795171e+01 4.91729146e-01 4.22000325e-01]
 [5.77366704e+00 1.52251435e+01 6.95514473e+00]
 [1.82652013e+00 1.96952478e+01 1.31892104e+00]
 [1.73254131e+01 1.77810479e+01 7.18041950e+00]
 [1.92548515e+01 8.90920600e+00 1.18910033e+01]
 [7.74634580e+00 6.83910504e+00 1.23001982e+01]
 [1.66864614e+01 9.80156591e+00 9.79464545e+00]
 [1.59895979e+00 1.26715696e+01 3.72880147e+00]
 [7.86427184e+01 5.77937118e+00 7.11310827e+01]
 [1.31230308e+02 1.97976106e+01 1.82961417e+02]
 [1.43088853e+01 1.23676674e+01 1.31014510e+01]
 [1.20916922e+01 1.99453053e+01 1.98443678e+01]
 [7.32539930e+00 5.76480530e+00 2.29898081e+00]
 [5.57355260e+00 1.57666025e+01 1.96932932e+01]
 [1.44428817e+01 6.21384613e+00 2.48331881e-01]
 [1.80624896e+01 1.04212882e+01 1.88490874e+01]
 [1.61845067e+01 8.14282790e+00 1.58292901e+01]
 [1.18688027e+01 9.96667349e+00 1.28050540e+01]
 [1.77424057e+01 1.71172608e+01 1.70488379e+01]
 [1.26346538e+01 9.79586332e+00 1.15176865e+01]
 [1.04535114e+02 9.49886554e+00 2.18662629e+02]
 [5.61625037e-01 7.12062536e+00 5.36404847e-01]
 [9.74463142e+00 1.29291981e+01 1.18939617e+01]
 [1.51911756e+01 4.50739785e+00 1.08561543e+01]
 [1.54209893e+00 1.60938600e+01 2.98109695e+00]
 [9.98109515e+00 1.16140929e+01 1.77474048e+01]
 [1.38867415e+00 1.38188750e+01 1.26030207e+01]
 [1.26886566e+01 1.86623831e+01 1.20633862e+01]
 [4.00853981e+00 1.91076045e+01 3.46813597e+00]
 [1.80988960e+01 5.88724290e+00 4.25809508e+00]
 [1.44756883e+01 6.24327449e+00 1.87328696e+01]
 [6.66872736e+00 2.26505375e+00 1.93423296e+01]
 [1.57243295e+01 2.62435868e+00 5.13322123e-01]
 [5.16368562e+00 1.01697884e+01 5.66982724e-01]
 [1.63036630e+01 1.58111221e+01 1.55931880e+01]
 [3.92827771e+00 1.38201941e+01 1.20768039e+01]
 [1.35387300e+01 9.44249146e+00 6.19198335e+00]
 [1.22640997e+01 1.35704891e+00 4.54169606e+00]
 [8.35258818e+00 3.98882537e+00 6.83007982e+00]
 [5.93598059e+00 1.96710025e+01 1.60126896e+01]
 [1.79681145e+01 7.00919984e+00 1.71822219e+01]
 [8.41507212e+00 6.48264479e+00 5.31513878e+00]
 [1.10380358e+01 8.95817593e-01 9.37990738e+00]
 [1.15575283e+01 1.22227897e+01 1.34272299e+01]
 [6.51603715e+00 7.64317219e-01 1.45702903e+01]
 [1.06853024e+01 1.86793978e+01 1.33941027e+01]
 [1.58138298e+01 3.60238185e+00 1.28494530e+01]
 [1.32067745e+01 5.55731225e-01 1.64769122e+01]
 [8.06867301e+00 6.54993233e+00 1.51050935e+01]
 [1.62414445e+01 9.12600810e+00 1.39206105e+01]
 [4.45953747e+00 1.70943803e+01 1.79600786e+01]
 [4.73157962e+00 8.42740459e+00 1.20979623e+01]]
[[6.96153480e+00 1.05887339e+01 6.25978763e+00]
 [5.06229020e-01 3.11104431e+00 7.27237024e+00]
 [1.87220433e+01 4.97673766e+00 7.81990807e+00]
 [1.27457223e+01 1.34121409e+01 1.09753283e+01]
 [1.02060719e+01 8.36996636e-01 1.28005956e+01]
 [1.48164618e+01 1.12324185e+01 1.70002038e+01]
 [2.42325531e+00 9.09814386e+00 6.94973001e+00]
 [1.35546812e+01 3.08442150e+00 6.23461541e+00]
 [7.87143467e-01 4.19939847e+00 2.59697723e+00]
 [5.10374366e+00 2.03765459e+00 1.78508966e+01]
 [9.96490354e+00 1.67637864e+01 3.37325367e+00]
 [1.51015212e+01 1.40401292e+01 1.04961485e+01]
 [5.79413475e-01 1.35470119e+01 1.86971405e-01]
 [6.43270773e+00 1.29185823e+01 1.11767260e+01]
 [8.97581473e+00 1.01578372e+01 1.51798629e+01]
 [2.71371971e+00 7.38299944e+00 1.25886899e+00]
 [1.09230003e+01 8.13446725e+00 7.05433951e+00]
 [1.78768515e+01 9.08067681e+01 1.37944648e+02]
 [4.30088650e+00 1.93028432e+01 6.63427330e+00]
 [5.09736958e+00 4.02306209e+00 1.10761584e+01]
 [8.21622993e+00 1.48994574e+01 9.02301114e+00]
 [4.79805739e+00 5.55449763e+00 2.90998830e+00]
 [1.74771883e+01 1.13955690e+01 3.55513813e+00]
 [1.51225666e+01 1.41131650e+01 1.46169508e+01]
 [1.66116061e+01 2.23798938e+00 1.79302687e+00]
 [1.67373014e+01 1.70893326e+01 1.87291547e+01]
 [9.66298642e+00 1.93675917e+01 2.96621430e+00]
 [1.43734191e+00 4.05329949e+00 1.25112698e+01]
 [9.72379785e+01 1.58159670e+01 8.17141693e+01]
 [1.70703835e+01 1.91186260e+01 1.45830284e+01]
 [1.38225520e+01 7.03174598e+00 1.70640782e+01]
 [5.80919717e+00 1.17687941e+01 4.20006455e+00]
 [1.28675136e+01 1.33395623e+01 9.15050245e-01]
 [1.72226174e+01 1.03029311e+01 4.46841974e+00]
 [1.84347139e+01 1.35212563e+01 1.41395837e+01]
 [8.61578124e+00 7.42363768e+00 8.87571857e+00]
 [9.19541079e+00 2.10317787e+00 1.19169233e+01]
 [1.01869631e+01 1.14447808e+01 2.20583308e+00]
 [8.42350517e+00 3.14621164e+00 1.14026551e+01]
 [2.75512474e+00 1.86323019e+01 4.19366518e+00]
 [8.79447540e+00 7.56404461e+00 1.77050692e+01]
 [1.99281591e+01 9.12627607e+00 1.43020467e+01]
 [3.62719171e+00 9.57274761e+00 1.66600491e+01]
 [3.14738315e+00 5.24093128e+00 4.07805196e-01]
 [2.06199913e-01 6.23566193e+01 1.52613472e+02]
 [1.45885964e+01 2.61349080e+00 1.51191823e+01]
 [1.29807144e+00 2.91093787e-01 1.85371462e+01]
 [7.62531618e+00 1.49897063e+01 1.04005937e+01]
 [1.51795630e+01 4.91736424e-01 4.22006859e-01]
 [5.77367005e+00 1.52251425e+01 6.95515044e+00]
 [1.82652875e+00 1.96952816e+01 1.31893348e+00]
 [1.73255712e+01 1.77812142e+01 7.18048193e+00]
 [1.92547290e+01 8.90915992e+00 1.18909349e+01]
 [7.74609587e+00 6.83887336e+00 1.22997990e+01]
 [1.66861742e+01 9.80141490e+00 9.79449881e+00]
 [1.59900474e+00 1.26718969e+01 3.72890217e+00]
 [8.84387608e+01 9.78911482e+00 7.98629289e+01]
 [1.55569774e+02 1.51053639e+01 2.16830483e+02]
 [1.43085761e+01 1.23673913e+01 1.31011698e+01]
 [1.20917271e+01 1.99453654e+01 1.98444240e+01]
 [7.32566737e+00 5.76499670e+00 2.29904703e+00]
 [5.57351263e+00 1.57664995e+01 1.96931606e+01]
 [1.44428915e+01 6.21386156e+00 2.48333277e-01]
 [1.80628567e+01 1.04215024e+01 1.88494750e+01]
 [1.61851745e+01 8.14315421e+00 1.58299480e+01]
 [1.18687899e+01 9.96663850e+00 1.28049741e+01]
 [1.77421932e+01 1.71170435e+01 1.70486623e+01]
 [1.26340709e+01 9.79543615e+00 1.15172284e+01]
 [1.23468621e+02 2.72105202e+00 2.59761435e+02]
 [5.61640765e-01 7.12056544e+00 5.36403930e-01]
 [9.74490835e+00 1.29295920e+01 1.18943026e+01]
 [1.51913608e+01 4.50742733e+00 1.08562661e+01]
 [1.54210429e+00 1.60938633e+01 2.98110128e+00]
 [9.98137419e+00 1.16144294e+01 1.77478997e+01]
 [1.38867280e+00 1.38187436e+01 1.26029030e+01]
 [1.26887840e+01 1.86625264e+01 1.20634734e+01]
 [4.00856279e+00 1.91077369e+01 3.46815252e+00]
 [1.80989445e+01 5.88722694e+00 4.25811323e+00]
 [1.44753226e+01 6.24313480e+00 1.87323928e+01]
 [6.66853007e+00 2.26500124e+00 1.93417695e+01]
 [1.57241197e+01 2.62431171e+00 5.13350742e-01]
 [5.16362915e+00 1.01696803e+01 5.66985690e-01]
 [1.63036539e+01 1.58111107e+01 1.55931809e+01]
 [3.92821757e+00 1.38199984e+01 1.20766477e+01]
 [1.35389227e+01 9.44262951e+00 6.19206348e+00]
 [1.22643550e+01 1.35705083e+00 4.54176566e+00]
 [8.35247102e+00 3.98881224e+00 6.83000890e+00]
 [5.93604153e+00 1.96711872e+01 1.60128349e+01]
 [1.79680658e+01 7.00918006e+00 1.71821862e+01]
 [8.41497439e+00 6.48257244e+00 5.31510450e+00]
 [1.10381310e+01 8.95814755e-01 9.37998514e+00]
 [1.15575538e+01 1.22228265e+01 1.34272677e+01]
 [6.51600750e+00 7.64318481e-01 1.45702243e+01]
 [1.06855427e+01 1.86798657e+01 1.33944383e+01]
 [1.58138252e+01 3.60238303e+00 1.28494340e+01]
 [1.32067297e+01 5.55735187e-01 1.64768610e+01]
 [8.06844367e+00 6.54974717e+00 1.51046492e+01]
 [1.62412434e+01 9.12592594e+00 1.39204210e+01]
 [4.45949745e+00 1.70942105e+01 1.79599297e+01]
 [4.73163665e+00 8.42760144e+00 1.20982254e+01]]
[[6.96144870e+00 1.05885859e+01 6.25972065e+00]
 [5.06238605e-01 3.11103185e+00 7.27232601e+00]
 [1.87221377e+01 4.97675159e+00 7.81992933e+00]
 [1.27456686e+01 1.34120713e+01 1.09752883e+01]
 [1.02055025e+01 8.37039876e-01 1.27999044e+01]
 [1.48165341e+01 1.12324761e+01 1.70002914e+01]
 [2.42323628e+00 9.09801304e+00 6.94964382e+00]
 [1.35550546e+01 3.08454931e+00 6.23482429e+00]
 [7.87165439e-01 4.19952085e+00 2.59706373e+00]
 [5.10358962e+00 2.03760000e+00 1.78503046e+01]
 [9.96501008e+00 1.67639610e+01 3.37329148e+00]
 [1.51018138e+01 1.40404198e+01 1.04963370e+01]
 [5.79419066e-01 1.35469747e+01 1.86977157e-01]
 [6.43278042e+00 1.29187116e+01 1.11768337e+01]
 [8.97566647e+00 1.01576545e+01 1.51796156e+01]
 [2.71365680e+00 7.38283482e+00 1.25883791e+00]
 [1.09228443e+01 8.13436544e+00 7.05426161e+00]
 [1.16993729e+01 1.11388588e+02 1.69271373e+02]
 [4.30088867e+00 1.93028451e+01 6.63428194e+00]
 [5.09731303e+00 4.02302041e+00 1.10760338e+01]
 [8.21660101e+00 1.49000675e+01 9.02331755e+00]
 [4.79806839e+00 5.55450625e+00 2.90999965e+00]
 [1.74766872e+01 1.13951849e+01 3.55510964e+00]
 [1.51222470e+01 1.41128476e+01 1.46166266e+01]
 [1.66113743e+01 2.23797454e+00 1.79297437e+00]
 [1.67371357e+01 1.70891423e+01 1.87289424e+01]
 [9.66303828e+00 1.93677064e+01 2.96623156e+00]
 [1.43733497e+00 4.05321167e+00 1.25110231e+01]
 [1.08329126e+02 1.77690841e+01 9.07184884e+01]
 [1.70708137e+01 1.91191337e+01 1.45833844e+01]
 [1.38223050e+01 7.03161408e+00 1.70637903e+01]
 [5.80924302e+00 1.17688886e+01 4.20009409e+00]
 [1.28675194e+01 1.33395680e+01 9.15059722e-01]
 [1.72221723e+01 1.03027457e+01 4.46825327e+00]
 [1.84342933e+01 1.35209661e+01 1.41392800e+01]
 [8.61560717e+00 7.42348968e+00 8.87554257e+00]
 [9.19320418e+00 2.10309685e+00 1.19142149e+01]
 [1.01870578e+01 1.14448846e+01 2.20585292e+00]
 [8.42265250e+00 3.14533694e+00 1.14012681e+01]
 [2.75512895e+00 1.86323059e+01 4.19366798e+00]
 [8.79438970e+00 7.56396811e+00 1.77048916e+01]
 [1.99283902e+01 9.12637643e+00 1.43022112e+01]
 [3.62713439e+00 9.57253988e+00 1.66596938e+01]
 [3.14734550e+00 5.24090454e+00 4.07809297e-01]
 [9.54145211e+00 7.57138358e+01 1.87665188e+02]
 [1.45886284e+01 2.61349602e+00 1.51192074e+01]
 [1.29806522e+00 2.91104929e-01 1.85368991e+01]
 [7.62539194e+00 1.49899339e+01 1.04008141e+01]
 [1.51796111e+01 4.91743648e-01 4.22013290e-01]
 [5.77367279e+00 1.52251408e+01 6.95515591e+00]
 [1.82653769e+00 1.96953174e+01 1.31894614e+00]
 [1.73257374e+01 1.77813892e+01 7.18054760e+00]
 [1.92545997e+01 8.90911137e+00 1.18908625e+01]
 [7.74583235e+00 6.83863019e+00 1.22993792e+01]
 [1.66858717e+01 9.80125575e+00 9.79434425e+00]
 [1.59905170e+00 1.26722420e+01 3.72900802e+00]
 [9.82348032e+01 1.37988585e+01 8.85947750e+01]
 [1.79909241e+02 1.04131172e+01 2.50699548e+02]
 [1.43082502e+01 1.23671002e+01 1.31008733e+01]
 [1.20917637e+01 1.99454285e+01 1.98444830e+01]
 [7.32594977e+00 5.76519797e+00 2.29911631e+00]
 [5.57347036e+00 1.57663907e+01 1.96930204e+01]
 [1.44429018e+01 6.21387734e+00 2.48334690e-01]
 [1.80632430e+01 1.04217276e+01 1.88498826e+01]
 [1.61858769e+01 8.14349756e+00 1.58306400e+01]
 [1.18687759e+01 9.96660144e+00 1.28048894e+01]
 [1.77419690e+01 1.71168142e+01 1.70484769e+01]
 [1.26334576e+01 9.79498655e+00 1.15167460e+01]
 [1.42402128e+02 1.59432385e+01 3.00860241e+02]
 [5.61657059e-01 7.12050188e+00 5.36402934e-01]
 [9.74520035e+00 1.29300070e+01 1.18946617e+01]
 [1.51915535e+01 4.50745747e+00 1.08563826e+01]
 [1.54210961e+00 1.60938662e+01 2.98110557e+00]
 [9.98166806e+00 1.16147834e+01 1.77484209e+01]
 [1.38867118e+00 1.38186032e+01 1.26027773e+01]
 [1.26889174e+01 1.86626768e+01 1.20635650e+01]
 [4.00858681e+00 1.91078763e+01 3.46816976e+00]
 [1.80989948e+01 5.88721008e+00 4.25813184e+00]
 [1.44749375e+01 6.24298778e+00 1.87318909e+01]
 [6.66832208e+00 2.26494575e+00 1.93411804e+01]
 [1.57238985e+01 2.62426189e+00 5.13380772e-01]
 [5.16356911e+00 1.01695660e+01 5.66988630e-01]
 [1.63036439e+01 1.58110985e+01 1.55931730e+01]
 [3.92815274e+00 1.38197883e+01 1.20764798e+01]
 [1.35391255e+01 9.44277442e+00 6.19214783e+00]
 [1.22646229e+01 1.35705258e+00 4.54183844e+00]
 [8.35234787e+00 3.98879823e+00 6.82993402e+00]
 [5.93610568e+00 1.96713820e+01 1.60129879e+01]
 [1.79680142e+01 7.00915892e+00 1.71821484e+01]
 [8.41487133e+00 6.48249618e+00 5.31506815e+00]
 [1.10382286e+01 8.95811683e-01 9.38006505e+00]
 [1.15575806e+01 1.22228650e+01 1.34273073e+01]
 [6.51597609e+00 7.64319752e-01 1.45701551e+01]
 [1.06857960e+01 1.86803586e+01 1.33947919e+01]
 [1.58138195e+01 3.60238390e+00 1.28494134e+01]
 [1.32066830e+01 5.55739217e-01 1.64768077e+01]
 [8.06820228e+00 6.54955297e+00 1.51041825e+01]
 [1.62410317e+01 9.12583936e+00 1.39202215e+01]
 [4.45945496e+00 1.70940304e+01 1.79597714e+01]
 [4.73170354e+00 8.42781737e+00 1.20985147e+01]]
