[[3.09598191e+00 1.11508187e+00 6.15711045e-01]
 [6.73004375e+00 1.24404043e+01 3.86732497e-01]
 [2.47311536e+00 6.54717284e+00 1.87238770e+01]
 [6.46965431e+00 4.95240432e+00 1.29155167e+01]
 [2.66220974e+00 8.89607922e+00 4.35995841e+00]
 [2.31882895e+00 1.24769877e+00 5.52421539e+00]
 [9.39774823e+00 8.35845623e+00 1.46284591e+01]
 [6.23275622e+00 4.14201034e+00 1.93521933e+01]
 [6.37297560e+00 7.72320944e+00 7.45771846e+00]
 [4.76414566e+00 5.59095146e+00 1.79132113e+01]
 [1.56123680e+01 1.30396257e+01 1.28733974e+01]
 [1.95673911e+00 1.68308871e+01 7.32531663e+00]
 [1.99981923e+01 2.77754972e-01 1.98236782e+01]
 [8.90266092e+00 1.74328904e+01 1.84412017e+01]
 [1.38486143e+01 1.38929339e+00 2.57984271e+00]
 [1.27566066e+01 6.48230630e+00 1.84376831e+01]
 [9.67670478e+00 5.22715835e+00 4.44721615e+00]
 [1.37142990e+01 1.12926177e+01 1.43536638e+01]
 [6.42959996e+00 1.98157511e+01 9.24742460e-01]
 [2.19014020e+00 1.57654491e+00 1.51499767e+01]
 [7.80043160e+00 1.05328353e+01 3.19032047e+00]
 [9.71125874e+00 5.85869063e+00 1.99946879e+01]
 [1.28937762e+01 1.37682996e+01 1.04010967e+01]
 [1.85756482e+01 6.50280711e+00 2.38509509e-01]
 [5.94056099e+00 1.95509441e+01 3.21465889e+00]
 [2.30636037e+00 8.84298204e+00 1.91159919e+01]
 [3.86835563e+00 1.13381759e-01 1.06667364e+01]
 [1.26829834e+01 1.91634345e+01 1.01051119e+01]
 [1.41560664e+01 1.46054037e+01 5.47828567e+00]
 [1.85101311e+00 7.75623416e+00 4.52260528e+00]
 [1.87990042e+01 6.30677994e+00 5.48253847e+00]
 [1.25285619e+01 4.28777250e+00 1.84099333e+01]
 [1.51029737e+01 1.89405487e+01 1.39038716e+01]
 [6.90624748e+00 7.88993443e+00 1.69810345e+01]
 [7.13307485e+00 1.18870218e+01 3.64110781e+00]
 [4.05793927e+00 1.35635519e+01 8.30114538e+00]
 [1.39620430e+01 1.85776142e+00 4.47140579e+00]
 [1.90030255e+01 1.52060600e+01 7.06512888e+00]
 [2.59840985e+00 6.86448994e+00 1.67549806e+01]
 [1.71319368e+01 1.64260916e+01 1.40947691e+01]
 [1.86715922e+00 1.14568092e+01 8.32732765e+00]
 [1.34703951e+01 4.55473762e-02 1.29237629e+01]
 [2.50325501e+00 1.45153980e+01 3.38450718e+00]
 [2.83455027e+00 1.03602106e+01 5.02847393e+00]
 [4.34435318e+00 1.56817635e+01 2.96339095e+00]
 [1.32229909e+01 9.21133585e+00 7.73048456e+00]
 [1.25587782e+01 6.23036258e+00 1.35370032e+01]
 [8.26539138e+00 1.57117366e+00 7.35108985e+00]
 [9.95191889e+00 1.71173848e+01 6.84591416e+00]
 [1.43426248e+01 1.01167288e+01 9.89933167e+00]
 [1.67480183e+01 8.37649039e-01 1.74790098e+01]
 [1.99080353e+01 5.76338027e+00 9.87867676e+00]
 [1.09463240e+01 1.12376751e+01 8.59796967e+00]
 [1.60822019e-02 1.85764329e+01 2.31000954e+00]
 [1.80906531e+01 1.82559716e+01 3.17334214e+00]
 [1.28356956e+01 1.90299865e+01 1.66180620e+01]
 [8.53822913e+00 1.64729002e+01 1.09838176e+01]
 [1.12293140e+01 5.48651902e+00 7.58048964e-01]
 [4.33348759e+00 1.92123280e+01 9.71269939e+00]
 [4.52106261e-01 1.65999148e+01 1.90854671e+01]
 [5.49700655e-01 1.67913459e+01 1.63462159e+01]
 [1.54097628e+01 5.36250705e+00 1.79886726e+01]
 [1.05281701e+01 4.14083568e+00 1.92741327e+01]
 [8.98481347e+00 5.88924031e-01 1.30334617e+01]
 [2.58318005e+00 1.06493086e+01 1.01421989e+01]
 [1.91160475e+01 1.24506886e+01 6.07326817e+00]
 [5.59625498e+00 1.45798140e+00 1.60602438e+01]
 [5.17415065e+00 1.46070913e+01 1.12518839e+00]
 [8.70259688e+00 4.47670734e+00 1.53687956e+01]
 [4.20748889e+00 1.56081349e+01 1.07882227e+00]
 [1.66973787e+01 1.32724462e+01 5.78264356e+00]
 [1.04404930e+01 6.48803768e+00 1.08049912e+01]
 [1.75209281e+00 1.32178676e+01 1.96313412e+01]
 [1.51242570e+01 7.78774216e+00 1.68761081e+01]
 [4.85446112e+00 1.76888879e+01 9.43131673e+00]
 [1.49096403e+01 1.80884686e+01 1.06242184e+01]
 [1.78368970e+01 2.63028224e+00 9.28051704e+00]
 [1.35686067e+01 1.13464407e+01 6.35871424e+00]
 [1.17718726e+01 6.63644192e+00 8.09941541e+00]
 [1.89213585e+01 1.55575340e+00 1.55652197e+01]
 [1.10115910e+01 1.83866441e+01 1.24497733e+01]
 [6.74574147e-01 7.36165684e+00 4.60644835e-01]
 [1.20181019e+00 1.49902259e+01 4.52717764e+00]
 [6.15490856e+00 8.86644295e+00 9.57343389e+00]
 [1.46601455e+01 8.43892810e+00 5.01085998e-01]
 [1.79093866e+01 1.62258433e+01 5.63470654e+00]
 [1.25441795e+01 6.35317833e+00 1.92050020e+01]
 [3.90930714e+00 4.97266922e+00 1.70955416e+01]
 [2.27441176e-02 4.67480041e+00 1.25249391e+01]
 [2.17240425e+00 5.92149903e+00 1.19226431e+00]
 [9.45473273e+00 1.09081627e+01 1.02533504e+01]
 [4.80190235e+00 1.16293364e+00 1.41130181e+01]
 [1.28759744e+01 7.98635884e+00 1.57614668e+01]
 [4.16797884e+00 1.58522481e+01 1.18743872e+01]
 [8.00833515e+00 9.76541408e+00 1.14085017e+01]
 [4.33959030e+00 1.18291884e+01 6.75422214e+00]
 [6.20592352e-01 1.62208057e+01 8.62167493e+00]
 [6.86300387e+00 4.00285026e+00 8.61067554e+00]
 [1.65490738e+01 8.70062240e+00 1.65455080e+01]
 [8.66886359e+00 1.78298816e+01 1.13349681e+01]]
[[3.09598191e+00 1.11508195e+00 6.15711076e-01]
 [6.73004377e+00 1.24404043e+01 3.86732528e-01]
 [2.47311546e+00 6.54717284e+00 1.87238770e+01]
 [6.46965438e+00 4.95240433e+00 1.29155168e+01]
 [2.66220977e+00 8.89607922e+00 4.35995845e+00]
 [2.31882899e+00 1.24769878e+00 5.52421546e+00]
 [9.39774828e+00 8.35845624e+00 1.46284592e+01]
 [6.23275632e+00 4.14201034e+00 1.93521933e+01]
 [6.37297569e+00 7.72320946e+00 7.45771855e+00]
 [4.76414567e+00 5.59095150e+00 1.79132113e+01]
 [1.56123680e+01 1.30396257e+01 1.28733975e+01]
 [1.95673918e+00 1.68308872e+01 7.32531671e+00]
 [1.99981923e+01 2.77755053e-01 1.98236783e+01]
 [8.90266098e+00 1.74328904e+01 1.84412018e+01]
 [1.38486143e+01 1.38929343e+00 2.57984279e+00]
 [1.27566530e+01 6.48232944e+00 1.84377723e+01]
 [9.67670479e+00 5.22715838e+00 4.44721622e+00]
 [1.37142990e+01 1.12926178e+01 1.43536638e+01]
 [6.42959997e+00 1.98157512e+01 9.24742483e-01]
 [2.19014030e+00 1.57654493e+00 1.51499767e+01]
 [7.80043163e+00 1.05328353e+01 3.19032054e+00]
 [9.71125876e+00 5.85869063e+00 1.99946879e+01]
 [1.28937763e+01 1.37682997e+01 1.04010967e+01]
 [1.85756482e+01 6.50280721e+00 2.38509515e-01]
 [5.94056107e+00 1.95509442e+01 3.21465896e+00]
 [2.30636037e+00 8.84298210e+00 1.91159919e+01]
 [3.86835572e+00 1.13381844e-01 1.06667364e+01]
 [1.26829835e+01 1.91634346e+01 1.01051119e+01]
 [1.41560664e+01 1.46054037e+01 5.47828574e+00]
 [1.85101312e+00 7.75623413e+00 4.52260530e+00]
 [1.87990043e+01 6.30677998e+00 5.48253854e+00]
 [1.25285620e+01 4.28777250e+00 1.84099333e+01]
 [1.51029738e+01 1.89405488e+01 1.39038716e+01]
 [6.90624751e+00 7.88993451e+00 1.69810346e+01]
 [7.13307486e+00 1.18870218e+01 3.64110783e+00]
 [4.05793928e+00 1.35635520e+01 8.30114546e+00]
 [1.39620431e+01 1.85776143e+00 4.47140586e+00]
 [1.90030256e+01 1.52060600e+01 7.06512898e+00]
 [2.59840991e+00 6.86449003e+00 1.67549807e+01]
 [1.71319369e+01 1.64260917e+01 1.40947692e+01]
 [1.86715932e+00 1.14568093e+01 8.32732770e+00]
 [1.34703952e+01 4.55474479e-02 1.29237630e+01]
 [2.50325503e+00 1.45153980e+01 3.38450726e+00]
 [2.83455032e+00 1.03602107e+01 5.02847393e+00]
 [4.34435319e+00 1.56817635e+01 2.96339095e+00]
 [1.32229910e+01 9.21133594e+00 7.73048461e+00]
 [1.25587783e+01 6.23036262e+00 1.35370032e+01]
 [8.26539146e+00 1.57117374e+00 7.35108992e+00]
 [9.95191896e+00 1.71173849e+01 6.84591419e+00]
 [1.43426248e+01 1.01167289e+01 9.89933170e+00]
 [1.67480184e+01 8.37649050e-01 1.74790099e+01]
 [1.99080354e+01 5.76338029e+00 9.87867678e+00]
 [1.09463240e+01 1.12376752e+01 8.59796971e+00]
 [1.60822975e-02 1.85764330e+01 2.31000955e+00]
 [1.80906531e+01 1.82559716e+01 3.17334219e+00]
 [1.28356957e+01 1.90299866e+01 1.66180620e+01]
 [8.53822914e+00 1.64729003e+01 1.09838176e+01]
 [1.12293140e+01 5.48651906e+00 7.58049016e-01]
 [4.33348766e+00 1.92123281e+01 9.71269948e+00]
 [4.52106338e-01 1.65999148e+01 1.90854672e+01]
 [5.49700745e-01 1.67913460e+01 1.63462159e+01]
 [1.54097629e+01 5.36250707e+00 1.79886726e+01]
 [1.05281702e+01 4.14083574e+00 1.92741327e+01]
 [8.98481350e+00 5.88924105e-01 1.30334618e+01]
 [2.58318012e+00 1.06493087e+01 1.01421990e+01]
 [1.91160476e+01 1.24506886e+01 6.07326826e+00]
 [5.59625500e+00 1.45798147e+00 1.60602438e+01]
 [5.17415070e+00 1.46070913e+01 1.12518847e+00]
 [8.70259693e+00 4.47670736e+00 1.53687957e+01]
 [4.20748898e+00 1.56081350e+01 1.07882231e+00]
 [1.66973787e+01 1.32724463e+01 5.78264361e+00]
 [1.04404930e+01 6.48803775e+00 1.08049912e+01]
 [1.75209291e+00 1.32178677e+01 1.96313412e+01]
 [1.51242571e+01 7.78774224e+00 1.68761082e+01]
 [4.85446119e+00 1.76888879e+01 9.43131682e+00]
 [1.49096404e+01 1.80884686e+01 1.06242184e+01]
 [1.78368970e+01 2.63028231e+00 9.28051709e+00]
 [1.35686068e+01 1.13464407e+01 6.35871431e+00]
 [1.17718727e+01 6.63644194e+00 8.09941546e+00]
 [1.89213586e+01 1.55575347e+00 1.55652198e+01]
 [1.10115910e+01 1.83866441e+01 1.24497733e+01]
 [6.74574221e-01 7.36165690e+00 4.60644840e-01]
 [1.20181024e+00 1.49902259e+01 4.52717766e+00]
 [6.15490861e+00 8.86644300e+00 9.57343390e+00]
 [1.46601456e+01 8.43892817e+00 5.01086086e-01]
 [1.79093867e+01 1.62258433e+01 5.63470662e+00]
 [1.25442338e+01 6.35320631e+00 1.92050626e+01]
 [3.90930719e+00 4.97266930e+00 1.70955416e+01]
 [2.27441361e-02 4.67480042e+00 1.25249391e+01]
 [2.17240430e+00 5.92149912e+00 1.19226436e+00]
 [9.45473278e+00 1.09081628e+01 1.02533504e+01]
 [4.80190236e+00 1.16293374e+00 1.41130182e+01]
 [1.28759744e+01 7.98635892e+00 1.57614668e+01]
 [4.16797886e+00 1.58522482e+01 1.18743872e+01]
 [8.00833521e+00 9.76541411e+00 1.14085018e+01]
 [4.33959037e+00 1.18291884e+01 6.75422222e+00]
 [6.20592381e-01 1.62208057e+01 8.62167501e+00]
 [6.86300397e+00 4.00285035e+00 8.61067559e+00]
 [1.65490739e+01 8.70062250e+00 1.65455080e+01]
 [8.66886368e+00 1.78298816e+01 1.13349681e+01]]
[[3.09598192e+00 1.11508202e+00 6.15711107e-01]
 [6.73004379e+00 1.24404044e+01 3.86732560e-01]
 [2.47311555e+00 6.54717285e+00 1.87238770e+01]
 [6.46965445e+00 4.95240434e+00 1.29155169e+01]
 [2.66220977e+00 8.89607916e+00 4.35995847e+00]
 [2.31882904e+00 1.24769879e+00 5.52421553e+00]
 [9.39774833e+00 8.35845625e+00 1.46284593e+01]
 [6.23275641e+00 4.14201034e+00 1.93521933e+01]
 [6.37297577e+00 7.72320948e+00 7.45771864e+00]
 [4.76414568e+00 5.59095155e+00 1.79132113e+01]
 [1.56123680e+01 1.30396258e+01 1.28733975e+01]
 [1.95673925e+00 1.68308873e+01 7.32531679e+00]
 [1.99981924e+01 2.77755133e-01 1.98236783e+01]
 [8.90266104e+00 1.74328905e+01 1.84412019e+01]
 [1.38486144e+01 1.38929348e+00 2.57984288e+00]
 [1.27567226e+01 6.48236416e+00 1.84379059e+01]
 [9.67670480e+00 5.22715841e+00 4.44721628e+00]
 [1.37142990e+01 1.12926179e+01 1.43536638e+01]
 [6.42959998e+00 1.98157513e+01 9.24742506e-01]
 [2.19014040e+00 1.57654495e+00 1.51499768e+01]
 [7.80043166e+00 1.05328353e+01 3.19032061e+00]
 [9.71125877e+00 5.85869064e+00 1.99946879e+01]
 [1.28937764e+01 1.37682997e+01 1.04010968e+01]
 [1.85756482e+01 6.50280730e+00 2.38509522e-01]
 [5.94056115e+00 1.95509442e+01 3.21465903e+00]
 [2.30636038e+00 8.84298216e+00 1.91159919e+01]
 [3.86835582e+00 1.13381930e-01 1.06667364e+01]
 [1.26829835e+01 1.91634347e+01 1.01051120e+01]
 [1.41560665e+01 1.46054037e+01 5.47828581e+00]
 [1.85101313e+00 7.75623409e+00 4.52260530e+00]
 [1.87990044e+01 6.30678002e+00 5.48253862e+00]
 [1.25285620e+01 4.28777251e+00 1.84099334e+01]
 [1.51029738e+01 1.89405489e+01 1.39038717e+01]
 [6.90624754e+00 7.88993459e+00 1.69810347e+01]
 [7.13307487e+00 1.18870218e+01 3.64110785e+00]
 [4.05793928e+00 1.35635520e+01 8.30114554e+00]
 [1.39620431e+01 1.85776144e+00 4.47140592e+00]
 [1.90030257e+01 1.52060600e+01 7.06512908e+00]
 [2.59840998e+00 6.86449012e+00 1.67549808e+01]
 [1.71319369e+01 1.64260918e+01 1.40947692e+01]
 [1.86715942e+00 1.14568094e+01 8.32732775e+00]
 [1.34703953e+01 4.55475195e-02 1.29237631e+01]
 [2.50325504e+00 1.45153981e+01 3.38450733e+00]
 [2.83455036e+00 1.03602107e+01 5.02847392e+00]
 [4.34435321e+00 1.56817635e+01 2.96339096e+00]
 [1.32229911e+01 9.21133602e+00 7.73048465e+00]
 [1.25587784e+01 6.23036266e+00 1.35370032e+01]
 [8.26539154e+00 1.57117383e+00 7.35108998e+00]
 [9.95191903e+00 1.71173849e+01 6.84591422e+00]
 [1.43426248e+01 1.01167289e+01 9.89933174e+00]
 [1.67480184e+01 8.37649061e-01 1.74790100e+01]
 [1.99080355e+01 5.76338031e+00 9.87867680e+00]
 [1.09463241e+01 1.12376753e+01 8.59796975e+00]
 [1.60823932e-02 1.85764330e+01 2.31000955e+00]
 [1.80906532e+01 1.82559717e+01 3.17334223e+00]
 [1.28356958e+01 1.90299866e+01 1.66180621e+01]
 [8.53822916e+00 1.64729003e+01 1.09838177e+01]
 [1.12293140e+01 5.48651909e+00 7.58049069e-01]
 [4.33348772e+00 1.92123282e+01 9.71269958e+00]
 [4.52106414e-01 1.65999148e+01 1.90854672e+01]
 [5.49700836e-01 1.67913460e+01 1.63462159e+01]
 [1.54097630e+01 5.36250709e+00 1.79886727e+01]
 [1.05281702e+01 4.14083580e+00 1.92741328e+01]
 [8.98481353e+00 5.88924179e-01 1.30334618e+01]
 [2.58318019e+00 1.06493087e+01 1.01421991e+01]
 [1.91160477e+01 1.24506886e+01 6.07326836e+00]
 [5.59625501e+00 1.45798154e+00 1.60602438e+01]
 [5.17415076e+00 1.46070913e+01 1.12518855e+00]
 [8.70259698e+00 4.47670738e+00 1.53687958e+01]
 [4.20748906e+00 1.56081351e+01 1.07882236e+00]
 [1.66973788e+01 1.32724463e+01 5.78264366e+00]
 [1.04404931e+01 6.48803782e+00 1.08049913e+01]
 [1.75209301e+00 1.32178678e+01 1.96313412e+01]
 [1.51242571e+01 7.78774232e+00 1.68761082e+01]
 [4.85446125e+00 1.76888880e+01 9.43131690e+00]
 [1.49096405e+01 1.80884687e+01 1.06242184e+01]
 [1.78368971e+01 2.63028239e+00 9.28051714e+00]
 [1.35686069e+01 1.13464408e+01 6.35871437e+00]
 [1.17718727e+01 6.63644196e+00 8.09941552e+00]
 [1.89213586e+01 1.55575355e+00 1.55652199e+01]
 [1.10115910e+01 1.83866442e+01 1.24497733e+01]
 [6.74574295e-01 7.36165695e+00 4.60644844e-01]
 [1.20181029e+00 1.49902259e+01 4.52717768e+00]
 [6.15490866e+00 8.86644304e+00 9.57343391e+00]
 [1.46601456e+01 8.43892825e+00 5.01086173e-01]
 [1.79093867e+01 1.62258434e+01 5.63470670e+00]
 [1.25443152e+01 6.35324825e+00 1.92051535e+01]
 [3.90930724e+00 4.97266938e+00 1.70955416e+01]
 [2.27441547e-02 4.67480044e+00 1.25249392e+01]
 [2.17240435e+00 5.92149920e+00 1.19226441e+00]
 [9.45473283e+00 1.09081628e+01 1.02533505e+01]
 [4.80190236e+00 1.16293384e+00 1.41130182e+01]
 [1.28759744e+01 7.98635901e+00 1.57614669e+01]
 [4.16797889e+00 1.58522482e+01 1.18743873e+01]
 [8.00833527e+00 9.76541413e+00 1.14085019e+01]
 [4.33959044e+00 1.18291884e+01 6.75422230e+00]
 [6.20592410e-01 1.62208058e+01 8.62167508e+00]
 [6.86300407e+00 4.00285043e+00 8.61067564e+00]
 [1.65490739e+01 8.70062260e+00 1.65455080e+01]
 [8.66886376e+00 1.78298816e+01 1.13349682e+01]]
[[3.09598193e+00 1.11508210e+00 6.15711138e-01]
 [6.73004381e+00 1.24404044e+01 3.86732591e-01]
 [2.47311564e+00 6.54717285e+00 1.87238770e+01]
 [6.46965451e+00 4.95240435e+00 1.29155170e+01]
 [2.66220976e+00 8.89607904e+00 4.35995847e+00]
 [2.31882908e+00 1.24769880e+00 5.52421560e+00]
 [9.39774839e+00 8.35845627e+00 1.46284594e+01]
 [6.23275651e+00 4.14201034e+00 1.93521934e+01]
 [6.37297585e+00 7.72320950e+00 7.45771873e+00]
 [4.76414570e+00 5.59095159e+00 1.79132114e+01]
 [1.56123680e+01 1.30396259e+01 1.28733976e+01]
 [1.95673931e+00 1.68308874e+01 7.32531687e+00]
 [1.99981925e+01 2.77755214e-01 1.98236784e+01]
 [8.90266110e+00 1.74328906e+01 1.84412020e+01]
 [1.38486144e+01 1.38929352e+00 2.57984296e+00]
 [1.27568154e+01 6.48241045e+00 1.84380842e+01]
 [9.67670481e+00 5.22715844e+00 4.44721634e+00]
 [1.37142990e+01 1.12926179e+01 1.43536638e+01]
 [6.42960000e+00 1.98157513e+01 9.24742529e-01]
 [2.19014050e+00 1.57654497e+00 1.51499768e+01]
 [7.80043169e+00 1.05328353e+01 3.19032068e+00]
 [9.71125878e+00 5.85869064e+00 1.99946879e+01]
 [1.28937765e+01 1.37682997e+01 1.04010969e+01]
 [1.85756483e+01 6.50280740e+00 2.38509528e-01]
 [5.94056123e+00 1.95509443e+01 3.21465910e+00]
 [2.30636038e+00 8.84298223e+00 1.91159919e+01]
 [3.86835591e+00 1.13382015e-01 1.06667365e+01]
 [1.26829836e+01 1.91634348e+01 1.01051120e+01]
 [1.41560665e+01 1.46054037e+01 5.47828588e+00]
 [1.85101314e+00 7.75623403e+00 4.52260528e+00]
 [1.87990045e+01 6.30678005e+00 5.48253869e+00]
 [1.25285620e+01 4.28777252e+00 1.84099334e+01]
 [1.51029739e+01 1.89405490e+01 1.39038717e+01]
 [6.90624757e+00 7.88993467e+00 1.69810348e+01]
 [7.13307488e+00 1.18870218e+01 3.64110787e+00]
 [4.05793928e+00 1.35635521e+01 8.30114562e+00]
 [1.39620431e+01 1.85776145e+00 4.47140599e+00]
 [1.90030258e+01 1.52060600e+01 7.06512918e+00]
 [2.59841004e+00 6.86449021e+00 1.67549809e+01]
 [1.71319369e+01 1.64260919e+01 1.40947693e+01]
 [1.86715952e+00 1.14568095e+01 8.32732779e+00]
 [1.34703954e+01 4.55475910e-02 1.29237631e+01]
 [2.50325506e+00 1.45153981e+01 3.38450741e+00]
 [2.83455041e+00 1.03602107e+01 5.02847390e+00]
 [4.34435323e+00 1.56817635e+01 2.96339096e+00]
 [1.32229912e+01 9.21133610e+00 7.73048469e+00]
 [1.25587784e+01 6.23036270e+00 1.35370033e+01]
 [8.26539162e+00 1.57117392e+00 7.35109005e+00]
 [9.95191910e+00 1.71173849e+01 6.84591425e+00]
 [1.43426249e+01 1.01167289e+01 9.89933177e+00]
 [1.67480185e+01 8.37649072e-01 1.74790101e+01]
 [1.99080356e+01 5.76338033e+00 9.87867682e+00]
 [1.09463241e+01 1.12376753e+01 8.59796979e+00]
 [1.60824888e-02 1.85764330e+01 2.31000956e+00]
 [1.80906533e+01 1.82559718e+01 3.17334228e+00]
 [1.28356959e+01 1.90299867e+01 1.66180621e+01]
 [8.53822918e+00 1.64729004e+01 1.09838178e+01]
 [1.12293140e+01 5.48651912e+00 7.58049122e-01]
 [4.33348778e+00 1.92123282e+01 9.71269968e+00]
 [4.52106491e-01 1.65999149e+01 1.90854673e+01]
 [5.49700926e-01 1.67913461e+01 1.63462160e+01]
 [1.54097631e+01 5.36250711e+00 1.79886728e+01]
 [1.05281703e+01 4.14083586e+00 1.92741328e+01]
 [8.98481356e+00 5.88924254e-01 1.30334619e+01]
 [2.58318027e+00 1.06493088e+01 1.01421992e+01]
 [1.91160478e+01 1.24506887e+01 6.07326845e+00]
 [5.59625503e+00 1.45798160e+00 1.60602438e+01]
 [5.17415082e+00 1.46070914e+01 1.12518863e+00]
 [8.70259702e+00 4.47670740e+00 1.53687959e+01]
 [4.20748915e+00 1.56081352e+01 1.07882242e+00]
 [1.66973788e+01 1.32724463e+01 5.78264371e+00]
 [1.04404931e+01 6.48803789e+00 1.08049913e+01]
 [1.75209311e+00 1.32178679e+01 1.96313413e+01]
 [1.51242572e+01 7.78774239e+00 1.68761083e+01]
 [4.85446132e+00 1.76888880e+01 9.43131699e+00]
 [1.49096406e+01 1.80884687e+01 1.06242184e+01]
 [1.78368971e+01 2.63028247e+00 9.28051719e+00]
 [1.35686070e+01 1.13464408e+01 6.35871443e+00]
 [1.17718728e+01 6.63644199e+00 8.09941557e+00]
 [1.89213586e+01 1.55575362e+00 1.55652200e+01]
 [1.10115911e+01 1.83866442e+01 1.24497734e+01]
 [6.74574369e-01 7.36165700e+00 4.60644849e-01]
 [1.20181033e+00 1.49902259e+01 4.52717770e+00]
 [6.15490871e+00 8.86644309e+00 9.57343393e+00]
 [1.46601457e+01 8.43892833e+00 5.01086261e-01]
 [1.79093868e+01 1.62258435e+01 5.63470678e+00]
 [1.25444238e+01 6.35330418e+00 1.92052748e+01]
 [3.90930729e+00 4.97266946e+00 1.70955416e+01]
 [2.27441733e-02 4.67480045e+00 1.25249393e+01]
 [2.17240439e+00 5.92149928e+00 1.19226446e+00]
 [9.45473288e+00 1.09081628e+01 1.02533506e+01]
 [4.80190237e+00 1.16293394e+00 1.41130182e+01]
 [1.28759745e+01 7.98635910e+00 1.57614669e+01]
 [4.16797891e+00 1.58522482e+01 1.18743873e+01]
 [8.00833533e+00 9.76541416e+00 1.14085019e+01]
 [4.33959050e+00 1.18291885e+01 6.75422238e+00]
 [6.20592439e-01 1.62208059e+01 8.62167515e+00]
 [6.86300417e+00 4.00285051e+00 8.61067569e+00]
 [1.65490740e+01 8.70062271e+00 1.65455080e+01]
 [8.66886385e+00 1.78298816e+01 1.13349683e+01]]
[[3.09598193e+00 1.11508217e+00 6.15711170e-01]
 [6.73004383e+00 1.24404044e+01 3.86732622e-01]
 [2.47311573e+00 6.54717286e+00 1.87238770e+01]
 [6.46965458e+00 4.95240435e+00 1.29155171e+01]
 [2.66220972e+00 8.89607888e+00 4.35995845e+00]
 [2.31882913e+00 1.24769882e+00 5.52421566e+00]
 [9.39774845e+00 8.35845628e+00 1.46284595e+01]
 [6.23275660e+00 4.14201034e+00 1.93521934e+01]
 [6.37297594e+00 7.72320951e+00 7.45771882e+00]
 [4.76414571e+00 5.59095164e+00 1.79132114e+01]
 [1.56123681e+01 1.30396259e+01 1.28733977e+01]
 [1.95673938e+00 1.68308875e+01 7.32531696e+00]
 [1.99981925e+01 2.77755294e-01 1.98236784e+01]
 [8.90266116e+00 1.74328906e+01 1.84412021e+01]
 [1.38486145e+01 1.38929356e+00 2.57984304e+00]
 [1.27569314e+01 6.48246834e+00 1.84383072e+01]
 [9.67670482e+00 5.22715847e+00 4.44721641e+00]
 [1.37142990e+01 1.12926180e+01 1.43536638e+01]
 [6.42960001e+00 1.98157514e+01 9.24742551e-01]
 [2.19014060e+00 1.57654499e+00 1.51499768e+01]
 [7.80043172e+00 1.05328353e+01 3.19032074e+00]
 [9.71125879e+00 5.85869065e+00 1.99946879e+01]
 [1.28937766e+01 1.37682998e+01 1.04010970e+01]
 [1.85756483e+01 6.50280750e+00 2.38509534e-01]
 [5.94056131e+00 1.95509443e+01 3.21465918e+00]
 [2.30636038e+00 8.84298229e+00 1.91159919e+01]
 [3.86835601e+00 1.13382100e-01 1.06667365e+01]
 [1.26829837e+01 1.91634348e+01 1.01051120e+01]
 [1.41560665e+01 1.46054037e+01 5.47828595e+00]
 [1.85101315e+00 7.75623394e+00 4.52260524e+00]
 [1.87990046e+01 6.30678009e+00 5.48253877e+00]
 [1.25285620e+01 4.28777252e+00 1.84099334e+01]
 [1.51029739e+01 1.89405491e+01 1.39038718e+01]
 [6.90624761e+00 7.88993476e+00 1.69810349e+01]
 [7.13307489e+00 1.18870218e+01 3.64110788e+00]
 [4.05793928e+00 1.35635522e+01 8.30114570e+00]
 [1.39620431e+01 1.85776146e+00 4.47140605e+00]
 [1.90030259e+01 1.52060601e+01 7.06512929e+00]
 [2.59841011e+00 6.86449031e+00 1.67549810e+01]
 [1.71319370e+01 1.64260920e+01 1.40947694e+01]
 [1.86715962e+00 1.14568095e+01 8.32732784e+00]
 [1.34703954e+01 4.55476625e-02 1.29237632e+01]
 [2.50325507e+00 1.45153981e+01 3.38450748e+00]
 [2.83455045e+00 1.03602107e+01 5.02847388e+00]
 [4.34435325e+00 1.56817635e+01 2.96339097e+00]
 [1.32229912e+01 9.21133618e+00 7.73048473e+00]
 [1.25587785e+01 6.23036274e+00 1.35370033e+01]
 [8.26539170e+00 1.57117401e+00 7.35109012e+00]
 [9.95191916e+00 1.71173849e+01 6.84591428e+00]
 [1.43426249e+01 1.01167289e+01 9.89933180e+00]
 [1.67480186e+01 8.37649082e-01 1.74790102e+01]
 [1.99080357e+01 5.76338035e+00 9.87867684e+00]
 [1.09463241e+01 1.12376754e+01 8.59796983e+00]
 [1.60825845e-02 1.85764331e+01 2.31000957e+00]
 [1.80906534e+01 1.82559719e+01 3.17334233e+00]
 [1.28356960e+01 1.90299867e+01 1.66180622e+01]
 [8.53822919e+00 1.64729004e+01 1.09838178e+01]
 [1.12293140e+01 5.48651916e+00 7.58049175e-01]
 [4.33348784e+00 1.92123283e+01 9.71269977e+00]
 [4.52106568e-01 1.65999149e+01 1.90854673e+01]
 [5.49701016e-01 1.67913461e+01 1.63462160e+01]
 [1.54097632e+01 5.36250714e+00 1.79886729e+01]
 [1.05281704e+01 4.14083592e+00 1.92741329e+01]
 [8.98481359e+00 5.88924328e-01 1.30334619e+01]
 [2.58318034e+00 1.06493089e+01 1.01421992e+01]
 [1.91160478e+01 1.24506887e+01 6.07326854e+00]
 [5.59625504e+00 1.45798167e+00 1.60602438e+01]
 [5.17415087e+00 1.46070914e+01 1.12518870e+00]
 [8.70259707e+00 4.47670742e+00 1.53687959e+01]
 [4.20748924e+00 1.56081353e+01 1.07882247e+00]
 [1.66973789e+01 1.32724463e+01 5.78264376e+00]
 [1.04404932e+01 6.48803796e+00 1.08049914e+01]
 [1.75209321e+00 1.32178680e+01 1.96313413e+01]
 [1.51242573e+01 7.78774247e+00 1.68761083e+01]
 [4.85446138e+00 1.76888881e+01 9.43131707e+00]
 [1.49096407e+01 1.80884688e+01 1.06242184e+01]
 [1.78368971e+01 2.63028254e+00 9.28051724e+00]
 [1.35686071e+01 1.13464408e+01 6.35871450e+00]
 [1.17718728e+01 6.63644201e+00 8.09941562e+00]
 [1.89213586e+01 1.55575370e+00 1.55652201e+01]
 [1.10115911e+01 1.83866442e+01 1.24497734e+01]
 [6.74574442e-01 7.36165705e+00 4.60644854e-01]
 [1.20181038e+00 1.49902259e+01 4.52717771e+00]
 [6.15490876e+00 8.86644314e+00 9.57343394e+00]
 [1.46601457e+01 8.43892841e+00 5.01086348e-01]
 [1.79093869e+01 1.62258436e+01 5.63470687e+00]
 [1.25445596e+01 6.35337410e+00 1.92054264e+01]
 [3.90930734e+00 4.97266953e+00 1.70955416e+01]
 [2.27441920e-02 4.67480047e+00 1.25249393e+01]
 [2.17240444e+00 5.92149936e+00 1.19226451e+00]
 [9.45473293e+00 1.09081629e+01 1.02533507e+01]
 [4.80190238e+00 1.16293404e+00 1.41130183e+01]
 [1.28759745e+01 7.98635918e+00 1.57614670e+01]
 [4.16797893e+00 1.58522483e+01 1.18743874e+01]
 [8.00833539e+00 9.76541418e+00 1.14085020e+01]
 [4.33959057e+00 1.18291885e+01 6.75422246e+00]
 [6.20592467e-01 1.62208059e+01 8.62167523e+00]
 [6.86300427e+00 4.00285060e+00 8.61067574e+00]
 [1.65490740e+01 8.70062281e+00 1.65455081e+01]
 [8.66886394e+00 1.78298817e+01 1.13349683e+01]]
