[[ 2.78926783  7.94189331 19.07466922]
 [ 9.15411463 19.21799315  0.0617242 ]
 [ 7.00324312  2.2278042  13.42285779]
 [ 4.91321627  7.30477631  0.63650071]
 [16.31897771  0.97966553  8.62641327]
 [10.27336111  4.01833695 10.29928242]
 [17.09166953 12.33016794 19.40336247]
 [11.54172298  5.1740008   7.54552651]
 [ 5.80533661 19.03113862  8.57547001]
 [10.09702306  7.74703705 13.72064019]]
[[ 2.78927662  7.9418973  19.07467465]
 [ 9.15412342 19.21800262  0.06172455]
 [ 7.00325072  2.22781035 13.42286252]
 [ 4.91321726  7.30477864  0.63650496]
 [16.31897876  0.9796751   8.62642122]
 [10.27336683  4.0183476  10.29929447]
 [17.09167379 12.33017115 19.40336639]
 [11.54172812  5.17400396  7.54553285]
 [ 5.80533782 19.03114734  8.5754706 ]
 [10.09702951  7.74704102 13.72064254]]
[[ 2.78928543  7.94190138 19.07468058]
 [ 9.15413274 19.21801324  0.06172488]
 [ 7.00325868  2.22781666 13.42286839]
 [ 4.91321816  7.30478076  0.63650921]
 [16.3189783   0.9796847   8.62642834]
 [10.27337463  4.01835899 10.2993094 ]
 [17.091678   12.33017429 19.40337016]
 [11.5417358   5.17400822  7.54554013]
 [ 5.80533908 19.03115617  8.57547125]
 [10.09703615  7.74704513 13.720645  ]]
[[ 2.78929428  7.94190558 19.07468698]
 [ 9.15414261 19.21802501  0.06172516]
 [ 7.00326702  2.22782313 13.4228754 ]
 [ 4.91321897  7.30478268  0.63651347]
 [16.31897633  0.97969433  8.62643461]
 [10.27338451  4.01837111 10.29932723]
 [17.09168215 12.33017737 19.40337377]
 [11.54174601  5.17401356  7.54554836]
 [ 5.80534041 19.03116512  8.57547198]
 [10.09704296  7.74704936 13.72064758]]
[[ 2.78930315  7.94190988 19.07469387]
 [ 9.15415301 19.21803794  0.06172542]
 [ 7.00327571  2.22782977 13.42288355]
 [ 4.9132197   7.3047844   0.63651772]
 [16.31897286  0.979704    8.62644004]
 [10.27339648  4.01838396 10.29934795]
 [17.09168625 12.33018039 19.40337723]
 [11.54175875  5.17402     7.54555755]
 [ 5.80534179 19.03117419  8.57547277]
 [10.09704995  7.74705373 13.72065028]]
[[ 2.78931206  7.94191429 19.07470124]
 [ 9.15416395 19.21805202  0.06172564]
 [ 7.00328478  2.22783658 13.42289284]
 [ 4.91322035  7.3047859   0.63652198]
 [16.31896788  0.9797137   8.62644463]
 [10.27341052  4.01839755 10.29937156]
 [17.09169029 12.33018334 19.40338053]
 [11.54177403  5.17402752  7.54556769]
 [ 5.80534322 19.03118338  8.57547364]
 [10.09705712  7.74705823 13.72065309]]
[[ 2.789321    7.9419188  19.07470909]
 [ 9.15417543 19.21806725  0.06172583]
 [ 7.00329421  2.22784355 13.42290327]
 [ 4.9132209   7.30478721  0.63652624]
 [16.31896139  0.97972344  8.62644837]
 [10.27342665  4.01841187 10.29939806]
 [17.09169428 12.33018623 19.40338369]
 [11.54179184  5.17403613  7.54557877]
 [ 5.80534472 19.03119269  8.57547459]
 [10.09706447  7.74706287 13.72065602]]
[[ 2.78932997  7.94192342 19.07471743]
 [ 9.15418745 19.21808363  0.06172599]
 [ 7.00330401  2.22785069 13.42291484]
 [ 4.91322137  7.3047883   0.6365305 ]
 [16.3189534   0.97973321  8.62645127]
 [10.27344487  4.01842692 10.29942746]
 [17.09169822 12.33018906 19.40338669]
 [11.54181219  5.17404583  7.54559081]
 [ 5.80534627 19.03120211  8.5754756 ]
 [10.09707199  7.74706763 13.72065907]]
[[ 2.78933897  7.94192814 19.07472625]
 [ 9.15420001 19.21810117  0.06172611]
 [ 7.00331417  2.227858   13.42292755]
 [ 4.91322176  7.3047892   0.63653476]
 [16.3189439   0.97974302  8.62645332]
 [10.27346516  4.01844271 10.29945974]
 [17.0917021  12.33019181 19.40338953]
 [11.54183506  5.17405662  7.5456038 ]
 [ 5.80534788 19.03121166  8.57547669]
 [10.0970797   7.74707253 13.72066223]]
[[ 2.789348    7.94193297 19.07473555]
 [ 9.15421311 19.21811985  0.0617262 ]
 [ 7.0033247   2.22786547 13.4229414 ]
 [ 4.91322206  7.30478988  0.63653902]
 [16.31893289  0.97975285  8.62645454]
 [10.27348754  4.01845924 10.29949492]
 [17.09170592 12.33019451 19.40339223]
 [11.54186048  5.1740685   7.54561774]
 [ 5.80534955 19.03122132  8.57547784]
 [10.09708758  7.74707756 13.72066552]]
[[ 2.78935706  7.94193791 19.07474534]
 [ 9.15422675 19.2181397   0.06172626]
 [ 7.0033356   2.22787311 13.42295638]
 [ 4.91322227  7.30479037  0.63654329]
 [16.31892038  0.97976273  8.62645491]
 [10.27351199  4.0184765  10.29953299]
 [17.09170969 12.33019714 19.40339477]
 [11.54188842  5.17408147  7.54563263]
 [ 5.80535127 19.0312311   8.57547907]
 [10.09709565  7.74708272 13.72066891]]
[[ 2.78936615  7.94194295 19.0747556 ]
 [ 9.15424093 19.21816069  0.06172628]
 [ 7.00334686  2.22788091 13.42297251]
 [ 4.91322239  7.30479064  0.63654755]
 [16.31890636  0.97977263  8.62645443]
 [10.27353854  4.01849449 10.29957394]
 [17.0917134  12.33019971 19.40339715]
 [11.5419189   5.17409553  7.54564847]
 [ 5.80535306 19.03124099  8.57548037]
 [10.09710389  7.74708802 13.72067243]]
[[ 2.78937527  7.9419481  19.07476635]
 [ 9.15425565 19.21818283  0.06172627]
 [ 7.00335849  2.22788888 13.42298978]
 [ 4.91322243  7.30479072  0.63655182]
 [16.31889083  0.97978257  8.62645312]
 [10.27356716  4.01851322 10.29961779]
 [17.09171706 12.33020221 19.40339939]
 [11.54195191  5.17411068  7.54566526]
 [ 5.8053549  19.03125101  8.57548175]
 [10.09711231  7.74709345 13.72067607]]
[[ 2.78938442  7.94195335 19.07477759]
 [ 9.1542709  19.21820613  0.06172623]
 [ 7.00337048  2.22789702 13.42300818]
 [ 4.91322238  7.30479058  0.63655609]
 [16.3188738   0.97979255  8.62645096]
 [10.27359787  4.01853268 10.29966454]
 [17.09172067 12.33020465 19.40340147]
 [11.54198746  5.17412691  7.545683  ]
 [ 5.8053568  19.03126114  8.57548319]
 [10.09712091  7.747099   13.72067982]]
[[ 2.7893936   7.94195871 19.0747893 ]
 [ 9.1542867  19.21823058  0.06172616]
 [ 7.00338284  2.22790532 13.42302772]
 [ 4.91322225  7.30479025  0.63656036]
 [16.31885526  0.97980256  8.62644796]
 [10.27363065  4.01855288 10.29971417]
 [17.09172422 12.33020702 19.4034034 ]
 [11.54202554  5.17414424  7.54570169]
 [ 5.80535875 19.0312714   8.57548471]
 [10.09712969  7.7471047  13.72068368]]
[[ 2.78940282  7.94196418 19.0748015 ]
 [ 9.15430303 19.21825619  0.06172605]
 [ 7.00339557  2.22791379 13.42304841]
 [ 4.91322203  7.3047897   0.63656463]
 [16.31883521  0.9798126   8.62644411]
 [10.27366552  4.01857381 10.29976669]
 [17.09172771 12.33020933 19.40340517]
 [11.54206615  5.17416265  7.54572134]
 [ 5.80536076 19.03128177  8.5754863 ]
 [10.09713865  7.74711052 13.72068767]]
[[ 2.78941206  7.94196975 19.07481418]
 [ 9.15431991 19.21828294  0.06172591]
 [ 7.00340866  2.22792242 13.42307023]
 [ 4.91322172  7.30478896  0.6365689 ]
 [16.31881366  0.97982268  8.62643942]
 [10.27370248  4.01859547 10.29982211]
 [17.09173115 12.33021157 19.40340679]
 [11.5421093   5.17418216  7.54574193]
 [ 5.80536283 19.03129226  8.57548796]
 [10.09714778  7.74711648 13.72069177]]
[[ 2.78942134  7.94197543 19.07482735]
 [ 9.15433732 19.21831085  0.06172573]
 [ 7.00342212  2.22793122 13.42309319]
 [ 4.91322132  7.304788    0.63657318]
 [16.3187906   0.97983279  8.62643389]
 [10.27374151  4.01861787 10.29988041]
 [17.09173454 12.33021375 19.40340826]
 [11.54215498  5.17420275  7.54576347]
 [ 5.80536496 19.03130286  8.57548969]
 [10.0971571   7.74712257 13.72069599]]
[[ 2.78943064  7.94198121 19.07484099]
 [ 9.15435527 19.21833991  0.06172553]
 [ 7.00343595  2.22794019 13.42311729]
 [ 4.91322084  7.30478684  0.63657745]
 [16.31876603  0.97984294  8.62642751]
 [10.27378263  4.01864101 10.29994161]
 [17.09173787 12.33021587 19.40340957]
 [11.54220319  5.17422443  7.54578597]
 [ 5.80536715 19.03131359  8.5754915 ]
 [10.09716659  7.74712879 13.72070033]]
[[ 2.78943998  7.9419871  19.07485512]
 [ 9.15437376 19.21837013  0.06172528]
 [ 7.00345014  2.22794932 13.42314253]
 [ 4.91322028  7.30478548  0.63658173]
 [16.31873996  0.97985312  8.62642029]
 [10.27382583  4.01866487 10.3000057 ]
 [17.09174115 12.33021792 19.40341073]
 [11.54225393  5.1742472   7.54580941]
 [ 5.80536939 19.03132443  8.57549337]
 [10.09717627  7.74713514 13.72070478]]
