[[1.08680037e+01 1.09229484e+01 5.62557343e+00]
 [1.91644475e+01 4.82965511e+00 1.78053927e+00]
 [1.14190946e+01 1.45528465e+01 1.24005150e+01]
 [1.04575581e+01 3.19676313e+00 1.49343717e+01]
 [1.85752643e+01 4.94137769e+00 1.43498864e+01]
 [1.02832867e+01 1.91796635e+01 3.16970498e+00]
 [1.38032572e+01 1.12564243e+01 1.69065333e+01]
 [1.20292443e+01 8.80778227e+00 2.40214360e+00]
 [5.96144432e+00 1.30880551e+01 1.03686782e+00]
 [4.26574338e-01 1.34920180e+01 6.03168604e+00]
 [5.70445770e+00 3.62308390e+00 1.37053405e+01]
 [1.74249529e+01 1.72825486e+01 1.29092567e+01]
 [1.56471872e+01 2.53838891e+00 5.57327328e+00]
 [7.84145215e+00 1.99045090e+01 7.66329891e-02]
 [7.39554650e+00 1.00913431e+01 7.42890107e-01]
 [1.29927115e+01 1.19454353e+01 4.68523481e+00]
 [1.74610762e+01 2.56540699e+00 1.61498946e+01]
 [1.51707821e+01 1.28933175e+01 1.15089208e+01]
 [1.59573625e+01 1.38518213e+01 9.08482582e+00]
 [5.08360824e+00 2.04293335e+00 1.58804921e+01]
 [1.77156385e+01 2.11115527e-01 1.03932568e+01]
 [1.31555336e+01 1.36599228e+01 1.86936728e+01]
 [1.97652829e+00 1.87039172e+01 7.63439093e+00]
 [1.23298643e+01 9.80397153e+00 4.65761181e+00]
 [5.94186345e+00 1.75330909e+01 1.41115983e+01]
 [6.78177066e+00 1.18298432e+01 7.22572301e+00]
 [6.44407103e+00 1.04777888e+01 8.17980642e+00]
 [9.24366256e+00 1.91581907e+01 1.75876849e+01]
 [1.23432241e+01 5.58190441e+00 1.25157240e+01]
 [6.68780548e+00 1.31142407e+01 4.76402720e+00]
 [6.81898616e+00 1.37175999e+01 2.19881181e+00]
 [7.14067627e+00 1.07791988e+01 8.85297007e+00]
 [1.63446248e+01 1.27697343e+01 2.48534955e+00]
 [1.36304234e+01 1.95171131e+01 1.66971944e+01]
 [2.57118793e+00 1.52594576e+01 1.63132204e+01]
 [8.15063892e+00 1.43044601e+01 3.32660883e+00]
 [9.91127549e+00 1.40458555e+01 4.63314046e+00]
 [1.72788990e+01 1.73012420e+01 5.65189554e+00]
 [3.03740400e+00 1.34417668e+01 1.40504656e+00]
 [5.51837817e+00 5.97372261e+00 1.87049594e+01]
 [1.43835484e+01 1.93178976e+01 1.01817926e+01]
 [7.29882302e+00 5.06663013e+00 5.07621340e+00]
 [1.43566735e+01 9.68278366e+00 6.19530029e+00]
 [9.32038245e-03 1.49680686e+01 1.13953838e+01]
 [3.18978592e+00 4.49761337e+00 1.22629860e+01]
 [1.50192649e+01 1.15574090e+00 7.42927228e+00]
 [1.65975198e+01 4.16657785e+00 1.50863780e+01]
 [1.28108987e-01 4.52984479e-01 7.94215679e+00]
 [1.66402738e+01 1.54307806e+01 1.77495068e+01]
 [1.13003792e+01 1.18622777e+01 2.87543372e+00]
 [2.39622217e+00 4.48351515e+00 1.80015024e+01]
 [3.94906186e+00 5.51647247e+00 6.19681812e-01]
 [8.23081962e+00 1.40278562e+01 9.58339095e+00]
 [1.36763169e+01 4.45304517e+00 8.53805445e+00]
 [6.41715421e+00 2.16637078e+00 1.89875331e+01]
 [1.03625022e+01 1.56600814e+01 1.54495168e+01]
 [1.85470802e+01 9.17248497e+00 5.99012868e+00]
 [1.16914195e+01 3.31808868e+00 1.64720317e+01]
 [1.91686402e+01 4.13710416e+00 1.81956936e+01]
 [8.20932154e+00 3.70882704e+00 1.69680613e+01]
 [6.72954132e+00 1.35127906e+00 6.43067063e+00]
 [3.75935626e+00 1.66720265e+00 7.68463216e+00]
 [1.54589117e+01 7.45284358e+00 1.53993682e+01]
 [1.68883394e+01 1.82248407e+01 1.27653513e+01]
 [5.19157694e-01 6.80601484e+00 1.02165828e+01]
 [1.10977944e+01 1.56450406e+01 1.43934065e+01]
 [1.25498270e-01 1.58833927e+01 8.17321024e+00]
 [1.45947611e+01 1.15022707e+01 1.47084719e+01]
 [1.63651676e+01 7.11984739e+00 2.87702834e+00]
 [5.53871994e+00 1.22043712e+01 6.65417457e+00]
 [9.74235467e+00 1.71911908e+01 1.76313821e+01]
 [1.82106740e+01 1.23553567e+01 1.79156399e+01]
 [1.66651083e+01 1.16973873e+01 1.49679510e+01]
 [1.73958016e+01 9.46905064e-01 5.45571990e+00]
 [1.82420493e+01 8.89081911e+00 1.52062706e+01]
 [1.49911555e+01 1.75644770e+01 5.06637076e+00]
 [1.60244538e+01 1.62086117e+01 1.20940377e+00]
 [2.07942786e+00 2.22145130e-01 6.33993130e+00]
 [1.13325545e+01 6.37534793e+00 6.02308217e-01]
 [1.14684466e+01 1.67810085e+01 9.64689547e+00]
 [4.09877455e+00 1.86152557e+01 1.71870240e+01]
 [1.58588861e+01 1.25781573e+01 8.13807439e+00]
 [1.44644699e+01 1.28140671e+01 8.63780018e+00]
 [1.56378830e+01 1.29268338e+01 1.92849725e+01]
 [1.52955042e+01 1.81556958e+01 6.17547651e+00]
 [1.45573481e+01 1.36463309e+01 6.24435085e+00]
 [1.98409678e+01 1.62182062e+01 1.41400915e+01]
 [1.54130588e+01 7.62268932e+00 1.60527186e+01]
 [7.04753859e+00 1.83434573e+01 1.98705285e+01]
 [1.76286704e+01 1.23430095e+00 5.61917966e+00]
 [1.86616437e+01 8.69574524e+00 1.86729877e+01]
 [1.93430938e+01 4.25412073e+00 1.09350270e+01]
 [1.25823744e+01 8.80380496e+00 1.22150102e+01]
 [8.40600557e+00 1.25607998e+01 2.92794602e+00]
 [1.39370828e+01 5.29846789e+00 2.58972317e-01]
 [1.88548415e+01 5.64480032e+00 1.80287740e-01]
 [1.17642252e+01 1.44344554e+01 1.76405328e+00]
 [6.53734857e+00 1.23570976e+01 1.94819651e+01]
 [7.46957724e+00 3.31282288e+00 1.91093006e+00]
 [1.79224670e+01 1.93497340e+01 4.00446272e+00]]
[[1.08680037e+01 1.09229484e+01 5.62557349e+00]
 [1.91644476e+01 4.82965515e+00 1.78053932e+00]
 [1.14190946e+01 1.45528466e+01 1.24005150e+01]
 [1.04575582e+01 3.19676313e+00 1.49343718e+01]
 [1.85752643e+01 4.94137769e+00 1.43498864e+01]
 [1.02832867e+01 1.91796635e+01 3.16970504e+00]
 [1.38032572e+01 1.12564243e+01 1.69065333e+01]
 [1.20292444e+01 8.80778231e+00 2.40214369e+00]
 [5.96144433e+00 1.30880551e+01 1.03686790e+00]
 [4.26574403e-01 1.34920181e+01 6.03168613e+00]
 [5.70445770e+00 3.62308398e+00 1.37053406e+01]
 [1.74249529e+01 1.72825487e+01 1.29092568e+01]
 [1.56471872e+01 2.53838899e+00 5.57327336e+00]
 [7.84145220e+00 1.99045091e+01 7.66330522e-02]
 [7.39554651e+00 1.00913431e+01 7.42890129e-01]
 [1.29927115e+01 1.19454353e+01 4.68523488e+00]
 [1.74610763e+01 2.56540708e+00 1.61498947e+01]
 [1.51707821e+01 1.28933176e+01 1.15089208e+01]
 [1.59573626e+01 1.38518214e+01 9.08482584e+00]
 [5.08360824e+00 2.04293335e+00 1.58804921e+01]
 [1.77156386e+01 2.11115595e-01 1.03932568e+01]
 [1.31555336e+01 1.36599229e+01 1.86936729e+01]
 [1.97652833e+00 1.87039172e+01 7.63439097e+00]
 [1.23298644e+01 9.80397158e+00 4.65761187e+00]
 [5.94186354e+00 1.75330910e+01 1.41115984e+01]
 [6.78177076e+00 1.18298432e+01 7.22572310e+00]
 [6.44407114e+00 1.04777888e+01 8.17980646e+00]
 [9.24366259e+00 1.91581907e+01 1.75876849e+01]
 [1.23432241e+01 5.58190443e+00 1.25157241e+01]
 [6.68780549e+00 1.31142408e+01 4.76402727e+00]
 [6.81898617e+00 1.37175999e+01 2.19881188e+00]
 [7.14067628e+00 1.07791988e+01 8.85297011e+00]
 [1.63446249e+01 1.27697344e+01 2.48534962e+00]
 [1.36304235e+01 1.95171131e+01 1.66971945e+01]
 [2.57118798e+00 1.52594576e+01 1.63132204e+01]
 [8.15063900e+00 1.43044601e+01 3.32660887e+00]
 [9.91127552e+00 1.40458555e+01 4.63314053e+00]
 [1.72788991e+01 1.73012421e+01 5.65189558e+00]
 [3.03740403e+00 1.34417669e+01 1.40504664e+00]
 [5.51837819e+00 5.97372270e+00 1.87049595e+01]
 [1.43835485e+01 1.93178976e+01 1.01817926e+01]
 [7.29882306e+00 5.06663013e+00 5.07621349e+00]
 [1.43566736e+01 9.68278372e+00 6.19530034e+00]
 [9.32046825e-03 1.49680686e+01 1.13953839e+01]
 [3.18978600e+00 4.49761338e+00 1.22629860e+01]
 [1.50192650e+01 1.15574092e+00 7.42927235e+00]
 [1.65975198e+01 4.16657787e+00 1.50863780e+01]
 [1.28109003e-01 4.52984497e-01 7.94215689e+00]
 [1.66402739e+01 1.54307807e+01 1.77495068e+01]
 [1.13003792e+01 1.18622777e+01 2.87543377e+00]
 [2.39622224e+00 4.48351523e+00 1.80015025e+01]
 [3.94906192e+00 5.51647256e+00 6.19681890e-01]
 [8.23081964e+00 1.40278562e+01 9.58339104e+00]
 [1.36763169e+01 4.45304519e+00 8.53805453e+00]
 [6.41715429e+00 2.16637081e+00 1.89875332e+01]
 [1.03625023e+01 1.56600814e+01 1.54495168e+01]
 [1.85470803e+01 9.17248500e+00 5.99012877e+00]
 [1.16914195e+01 3.31808872e+00 1.64720317e+01]
 [1.91686402e+01 4.13710420e+00 1.81956937e+01]
 [8.20932155e+00 3.70882704e+00 1.69680614e+01]
 [6.72954137e+00 1.35127911e+00 6.43067063e+00]
 [3.75935628e+00 1.66720271e+00 7.68463218e+00]
 [1.54589478e+01 7.45286236e+00 1.53994093e+01]
 [1.68883394e+01 1.82248407e+01 1.27653514e+01]
 [5.19157713e-01 6.80601486e+00 1.02165829e+01]
 [1.10977944e+01 1.56450406e+01 1.43934066e+01]
 [1.25498364e-01 1.58833928e+01 8.17321026e+00]
 [1.45947612e+01 1.15022708e+01 1.47084720e+01]
 [1.63651676e+01 7.11984741e+00 2.87702835e+00]
 [5.53871996e+00 1.22043713e+01 6.65417459e+00]
 [9.74235470e+00 1.71911908e+01 1.76313822e+01]
 [1.82106741e+01 1.23553568e+01 1.79156400e+01]
 [1.66651083e+01 1.16973874e+01 1.49679510e+01]
 [1.74023238e+01 9.47429298e-01 5.45782116e+00]
 [1.82420493e+01 8.89081915e+00 1.52062707e+01]
 [1.49911555e+01 1.75644770e+01 5.06637083e+00]
 [1.60244538e+01 1.62086118e+01 1.20940378e+00]
 [2.07942789e+00 2.22145206e-01 6.33993130e+00]
 [1.13325546e+01 6.37534793e+00 6.02308250e-01]
 [1.14684466e+01 1.67810085e+01 9.64689556e+00]
 [4.09877456e+00 1.86152558e+01 1.71870240e+01]
 [1.58588861e+01 1.25781573e+01 8.13807442e+00]
 [1.44644699e+01 1.28140671e+01 8.63780026e+00]
 [1.56378831e+01 1.29268338e+01 1.92849726e+01]
 [1.52955041e+01 1.81556958e+01 6.17547651e+00]
 [1.45573482e+01 1.36463309e+01 6.24435086e+00]
 [1.98409678e+01 1.62182062e+01 1.41400915e+01]
 [1.54130955e+01 7.62270609e+00 1.60527517e+01]
 [7.04753867e+00 1.83434573e+01 1.98705286e+01]
 [1.76349912e+01 1.23457656e+00 5.62113953e+00]
 [1.86616438e+01 8.69574526e+00 1.86729877e+01]
 [1.93430938e+01 4.25412082e+00 1.09350271e+01]
 [1.25823744e+01 8.80380498e+00 1.22150103e+01]
 [8.40600559e+00 1.25607998e+01 2.92794608e+00]
 [1.39370829e+01 5.29846791e+00 2.58972387e-01]
 [1.88548416e+01 5.64480033e+00 1.80287758e-01]
 [1.17642252e+01 1.44344555e+01 1.76405331e+00]
 [6.53734860e+00 1.23570977e+01 1.94819651e+01]
 [7.46957734e+00 3.31282290e+00 1.91093011e+00]
 [1.79224671e+01 1.93497340e+01 4.00446278e+00]]
[[1.08680038e+01 1.09229485e+01 5.62557354e+00]
 [1.91644476e+01 4.82965519e+00 1.78053938e+00]
 [1.14190946e+01 1.45528467e+01 1.24005150e+01]
 [1.04575582e+01 3.19676313e+00 1.49343718e+01]
 [1.85752644e+01 4.94137769e+00 1.43498865e+01]
 [1.02832868e+01 1.91796635e+01 3.16970509e+00]
 [1.38032573e+01 1.12564243e+01 1.69065333e+01]
 [1.20292445e+01 8.80778236e+00 2.40214377e+00]
 [5.96144434e+00 1.30880551e+01 1.03686798e+00]
 [4.26574469e-01 1.34920181e+01 6.03168622e+00]
 [5.70445770e+00 3.62308407e+00 1.37053407e+01]
 [1.74249529e+01 1.72825487e+01 1.29092568e+01]
 [1.56471873e+01 2.53838907e+00 5.57327344e+00]
 [7.84145224e+00 1.99045092e+01 7.66331153e-02]
 [7.39554653e+00 1.00913431e+01 7.42890152e-01]
 [1.29927116e+01 1.19454354e+01 4.68523495e+00]
 [1.74610764e+01 2.56540718e+00 1.61498948e+01]
 [1.51707822e+01 1.28933177e+01 1.15089208e+01]
 [1.59573627e+01 1.38518214e+01 9.08482585e+00]
 [5.08360824e+00 2.04293335e+00 1.58804921e+01]
 [1.77156386e+01 2.11115662e-01 1.03932568e+01]
 [1.31555337e+01 1.36599230e+01 1.86936729e+01]
 [1.97652837e+00 1.87039172e+01 7.63439100e+00]
 [1.23298644e+01 9.80397162e+00 4.65761193e+00]
 [5.94186364e+00 1.75330910e+01 1.41115984e+01]
 [6.78177085e+00 1.18298433e+01 7.22572319e+00]
 [6.44407125e+00 1.04777888e+01 8.17980650e+00]
 [9.24366263e+00 1.91581908e+01 1.75876849e+01]
 [1.23432242e+01 5.58190444e+00 1.25157242e+01]
 [6.68780550e+00 1.31142409e+01 4.76402734e+00]
 [6.81898619e+00 1.37176000e+01 2.19881196e+00]
 [7.14067627e+00 1.07791988e+01 8.85297014e+00]
 [1.63446250e+01 1.27697345e+01 2.48534969e+00]
 [1.36304235e+01 1.95171131e+01 1.66971946e+01]
 [2.57118802e+00 1.52594577e+01 1.63132205e+01]
 [8.15063908e+00 1.43044601e+01 3.32660890e+00]
 [9.91127555e+00 1.40458556e+01 4.63314061e+00]
 [1.72788991e+01 1.73012421e+01 5.65189562e+00]
 [3.03740407e+00 1.34417669e+01 1.40504672e+00]
 [5.51837820e+00 5.97372279e+00 1.87049596e+01]
 [1.43835486e+01 1.93178976e+01 1.01817926e+01]
 [7.29882310e+00 5.06663014e+00 5.07621358e+00]
 [1.43566737e+01 9.68278378e+00 6.19530038e+00]
 [9.32055402e-03 1.49680687e+01 1.13953840e+01]
 [3.18978607e+00 4.49761339e+00 1.22629860e+01]
 [1.50192650e+01 1.15574093e+00 7.42927243e+00]
 [1.65975198e+01 4.16657788e+00 1.50863780e+01]
 [1.28109020e-01 4.52984514e-01 7.94215698e+00]
 [1.66402739e+01 1.54307807e+01 1.77495069e+01]
 [1.13003792e+01 1.18622777e+01 2.87543382e+00]
 [2.39622231e+00 4.48351530e+00 1.80015025e+01]
 [3.94906199e+00 5.51647266e+00 6.19681968e-01]
 [8.23081965e+00 1.40278563e+01 9.58339113e+00]
 [1.36763169e+01 4.45304521e+00 8.53805462e+00]
 [6.41715437e+00 2.16637085e+00 1.89875333e+01]
 [1.03625024e+01 1.56600814e+01 1.54495169e+01]
 [1.85470804e+01 9.17248503e+00 5.99012886e+00]
 [1.16914195e+01 3.31808875e+00 1.64720318e+01]
 [1.91686402e+01 4.13710425e+00 1.81956938e+01]
 [8.20932156e+00 3.70882703e+00 1.69680614e+01]
 [6.72954142e+00 1.35127915e+00 6.43067064e+00]
 [3.75935629e+00 1.66720277e+00 7.68463220e+00]
 [1.54590020e+01 7.45289054e+00 1.53994709e+01]
 [1.68883394e+01 1.82248407e+01 1.27653515e+01]
 [5.19157732e-01 6.80601489e+00 1.02165830e+01]
 [1.10977944e+01 1.56450406e+01 1.43934066e+01]
 [1.25498457e-01 1.58833929e+01 8.17321028e+00]
 [1.45947612e+01 1.15022708e+01 1.47084721e+01]
 [1.63651677e+01 7.11984743e+00 2.87702837e+00]
 [5.53871999e+00 1.22043713e+01 6.65417462e+00]
 [9.74235474e+00 1.71911909e+01 1.76313822e+01]
 [1.82106742e+01 1.23553568e+01 1.79156401e+01]
 [1.66651083e+01 1.16973875e+01 1.49679511e+01]
 [1.74121606e+01 9.48219790e-01 5.46099021e+00]
 [1.82420493e+01 8.89081918e+00 1.52062707e+01]
 [1.49911554e+01 1.75644769e+01 5.06637089e+00]
 [1.60244539e+01 1.62086118e+01 1.20940380e+00]
 [2.07942793e+00 2.22145281e-01 6.33993130e+00]
 [1.13325546e+01 6.37534794e+00 6.02308282e-01]
 [1.14684466e+01 1.67810086e+01 9.64689565e+00]
 [4.09877458e+00 1.86152558e+01 1.71870241e+01]
 [1.58588862e+01 1.25781574e+01 8.13807445e+00]
 [1.44644700e+01 1.28140672e+01 8.63780033e+00]
 [1.56378831e+01 1.29268339e+01 1.92849727e+01]
 [1.52955040e+01 1.81556957e+01 6.17547647e+00]
 [1.45573482e+01 1.36463310e+01 6.24435087e+00]
 [1.98409679e+01 1.62182062e+01 1.41400916e+01]
 [1.54131505e+01 7.62273122e+00 1.60528014e+01]
 [7.04753875e+00 1.83434573e+01 1.98705287e+01]
 [1.76445245e+01 1.23499240e+00 5.62409551e+00]
 [1.86616439e+01 8.69574529e+00 1.86729877e+01]
 [1.93430939e+01 4.25412090e+00 1.09350271e+01]
 [1.25823744e+01 8.80380501e+00 1.22150103e+01]
 [8.40600561e+00 1.25607999e+01 2.92794614e+00]
 [1.39370830e+01 5.29846793e+00 2.58972457e-01]
 [1.88548417e+01 5.64480035e+00 1.80287777e-01]
 [1.17642252e+01 1.44344556e+01 1.76405333e+00]
 [6.53734864e+00 1.23570978e+01 1.94819652e+01]
 [7.46957743e+00 3.31282292e+00 1.91093016e+00]
 [1.79224671e+01 1.93497341e+01 4.00446284e+00]]
[[1.08680038e+01 1.09229485e+01 5.62557360e+00]
 [1.91644477e+01 4.82965522e+00 1.78053943e+00]
 [1.14190946e+01 1.45528468e+01 1.24005150e+01]
 [1.04575582e+01 3.19676313e+00 1.49343719e+01]
 [1.85752644e+01 4.94137769e+00 1.43498865e+01]
 [1.02832868e+01 1.91796635e+01 3.16970515e+00]
 [1.38032573e+01 1.12564244e+01 1.69065333e+01]
 [1.20292445e+01 8.80778240e+00 2.40214385e+00]
 [5.96144435e+00 1.30880551e+01 1.03686806e+00]
 [4.26574534e-01 1.34920181e+01 6.03168631e+00]
 [5.70445770e+00 3.62308416e+00 1.37053407e+01]
 [1.74249529e+01 1.72825488e+01 1.29092569e+01]
 [1.56471873e+01 2.53838914e+00 5.57327352e+00]
 [7.84145228e+00 1.99045092e+01 7.66331784e-02]
 [7.39554655e+00 1.00913431e+01 7.42890175e-01]
 [1.29927116e+01 1.19454354e+01 4.68523502e+00]
 [1.74610766e+01 2.56540727e+00 1.61498949e+01]
 [1.51707823e+01 1.28933178e+01 1.15089208e+01]
 [1.59573628e+01 1.38518215e+01 9.08482587e+00]
 [5.08360824e+00 2.04293335e+00 1.58804921e+01]
 [1.77156387e+01 2.11115730e-01 1.03932569e+01]
 [1.31555337e+01 1.36599230e+01 1.86936729e+01]
 [1.97652842e+00 1.87039173e+01 7.63439103e+00]
 [1.23298645e+01 9.80397167e+00 4.65761199e+00]
 [5.94186373e+00 1.75330911e+01 1.41115984e+01]
 [6.78177094e+00 1.18298433e+01 7.22572328e+00]
 [6.44407136e+00 1.04777889e+01 8.17980655e+00]
 [9.24366266e+00 1.91581909e+01 1.75876850e+01]
 [1.23432243e+01 5.58190446e+00 1.25157242e+01]
 [6.68780550e+00 1.31142409e+01 4.76402742e+00]
 [6.81898621e+00 1.37176000e+01 2.19881203e+00]
 [7.14067627e+00 1.07791988e+01 8.85297018e+00]
 [1.63446251e+01 1.27697346e+01 2.48534976e+00]
 [1.36304236e+01 1.95171131e+01 1.66971946e+01]
 [2.57118806e+00 1.52594577e+01 1.63132205e+01]
 [8.15063916e+00 1.43044602e+01 3.32660893e+00]
 [9.91127558e+00 1.40458556e+01 4.63314069e+00]
 [1.72788991e+01 1.73012422e+01 5.65189565e+00]
 [3.03740410e+00 1.34417669e+01 1.40504680e+00]
 [5.51837822e+00 5.97372288e+00 1.87049597e+01]
 [1.43835486e+01 1.93178976e+01 1.01817926e+01]
 [7.29882314e+00 5.06663014e+00 5.07621366e+00]
 [1.43566737e+01 9.68278384e+00 6.19530042e+00]
 [9.32063976e-03 1.49680688e+01 1.13953840e+01]
 [3.18978615e+00 4.49761340e+00 1.22629860e+01]
 [1.50192651e+01 1.15574094e+00 7.42927251e+00]
 [1.65975198e+01 4.16657790e+00 1.50863780e+01]
 [1.28109036e-01 4.52984532e-01 7.94215707e+00]
 [1.66402739e+01 1.54307807e+01 1.77495070e+01]
 [1.13003792e+01 1.18622778e+01 2.87543388e+00]
 [2.39622238e+00 4.48351538e+00 1.80015025e+01]
 [3.94906206e+00 5.51647275e+00 6.19682046e-01]
 [8.23081966e+00 1.40278563e+01 9.58339123e+00]
 [1.36763169e+01 4.45304523e+00 8.53805470e+00]
 [6.41715445e+00 2.16637089e+00 1.89875334e+01]
 [1.03625025e+01 1.56600814e+01 1.54495169e+01]
 [1.85470804e+01 9.17248506e+00 5.99012895e+00]
 [1.16914195e+01 3.31808878e+00 1.64720318e+01]
 [1.91686403e+01 4.13710429e+00 1.81956939e+01]
 [8.20932157e+00 3.70882703e+00 1.69680615e+01]
 [6.72954147e+00 1.35127920e+00 6.43067064e+00]
 [3.75935629e+00 1.66720282e+00 7.68463222e+00]
 [1.54590741e+01 7.45292812e+00 1.53995530e+01]
 [1.68883395e+01 1.82248407e+01 1.27653516e+01]
 [5.19157751e-01 6.80601491e+00 1.02165830e+01]
 [1.10977945e+01 1.56450406e+01 1.43934067e+01]
 [1.25498550e-01 1.58833929e+01 8.17321029e+00]
 [1.45947613e+01 1.15022708e+01 1.47084721e+01]
 [1.63651678e+01 7.11984745e+00 2.87702838e+00]
 [5.53872001e+00 1.22043713e+01 6.65417465e+00]
 [9.74235478e+00 1.71911909e+01 1.76313822e+01]
 [1.82106742e+01 1.23553569e+01 1.79156402e+01]
 [1.66651083e+01 1.16973875e+01 1.49679511e+01]
 [1.74253778e+01 9.49281640e-01 5.46524819e+00]
 [1.82420494e+01 8.89081921e+00 1.52062707e+01]
 [1.49911553e+01 1.75644767e+01 5.06637095e+00]
 [1.60244540e+01 1.62086119e+01 1.20940382e+00]
 [2.07942796e+00 2.22145356e-01 6.33993130e+00]
 [1.13325547e+01 6.37534794e+00 6.02308315e-01]
 [1.14684466e+01 1.67810087e+01 9.64689574e+00]
 [4.09877459e+00 1.86152559e+01 1.71870242e+01]
 [1.58588863e+01 1.25781574e+01 8.13807447e+00]
 [1.44644700e+01 1.28140673e+01 8.63780040e+00]
 [1.56378831e+01 1.29268340e+01 1.92849727e+01]
 [1.52955039e+01 1.81556955e+01 6.17547641e+00]
 [1.45573483e+01 1.36463311e+01 6.24435088e+00]
 [1.98409679e+01 1.62182063e+01 1.41400916e+01]
 [1.54132239e+01 7.62276470e+00 1.60528676e+01]
 [7.04753883e+00 1.83434573e+01 1.98705287e+01]
 [1.76573344e+01 1.23555146e+00 5.62806754e+00]
 [1.86616440e+01 8.69574531e+00 1.86729878e+01]
 [1.93430939e+01 4.25412098e+00 1.09350272e+01]
 [1.25823744e+01 8.80380503e+00 1.22150104e+01]
 [8.40600563e+00 1.25607999e+01 2.92794620e+00]
 [1.39370831e+01 5.29846795e+00 2.58972527e-01]
 [1.88548417e+01 5.64480037e+00 1.80287795e-01]
 [1.17642253e+01 1.44344557e+01 1.76405336e+00]
 [6.53734867e+00 1.23570979e+01 1.94819652e+01]
 [7.46957752e+00 3.31282294e+00 1.91093021e+00]
 [1.79224672e+01 1.93497342e+01 4.00446290e+00]]
[[1.08680039e+01 1.09229486e+01 5.62557365e+00]
 [1.91644478e+01 4.82965526e+00 1.78053948e+00]
 [1.14190946e+01 1.45528468e+01 1.24005150e+01]
 [1.04575582e+01 3.19676313e+00 1.49343720e+01]
 [1.85752644e+01 4.94137770e+00 1.43498865e+01]
 [1.02832869e+01 1.91796635e+01 3.16970521e+00]
 [1.38032574e+01 1.12564244e+01 1.69065333e+01]
 [1.20292446e+01 8.80778245e+00 2.40214394e+00]
 [5.96144435e+00 1.30880551e+01 1.03686815e+00]
 [4.26574600e-01 1.34920182e+01 6.03168640e+00]
 [5.70445769e+00 3.62308424e+00 1.37053408e+01]
 [1.74249529e+01 1.72825488e+01 1.29092569e+01]
 [1.56471874e+01 2.53838922e+00 5.57327360e+00]
 [7.84145232e+00 1.99045093e+01 7.66332415e-02]
 [7.39554657e+00 1.00913432e+01 7.42890199e-01]
 [1.29927117e+01 1.19454354e+01 4.68523510e+00]
 [1.74610767e+01 2.56540737e+00 1.61498950e+01]
 [1.51707824e+01 1.28933179e+01 1.15089208e+01]
 [1.59573629e+01 1.38518215e+01 9.08482588e+00]
 [5.08360824e+00 2.04293336e+00 1.58804921e+01]
 [1.77156388e+01 2.11115798e-01 1.03932569e+01]
 [1.31555338e+01 1.36599231e+01 1.86936730e+01]
 [1.97652846e+00 1.87039173e+01 7.63439106e+00]
 [1.23298646e+01 9.80397171e+00 4.65761205e+00]
 [5.94186383e+00 1.75330912e+01 1.41115985e+01]
 [6.78177104e+00 1.18298433e+01 7.22572337e+00]
 [6.44407148e+00 1.04777889e+01 8.17980660e+00]
 [9.24366269e+00 1.91581909e+01 1.75876850e+01]
 [1.23432244e+01 5.58190447e+00 1.25157243e+01]
 [6.68780551e+00 1.31142410e+01 4.76402749e+00]
 [6.81898623e+00 1.37176000e+01 2.19881211e+00]
 [7.14067625e+00 1.07791988e+01 8.85297020e+00]
 [1.63446252e+01 1.27697347e+01 2.48534983e+00]
 [1.36304237e+01 1.95171132e+01 1.66971947e+01]
 [2.57118810e+00 1.52594578e+01 1.63132206e+01]
 [8.15063924e+00 1.43044602e+01 3.32660897e+00]
 [9.91127561e+00 1.40458556e+01 4.63314077e+00]
 [1.72788992e+01 1.73012423e+01 5.65189569e+00]
 [3.03740413e+00 1.34417669e+01 1.40504688e+00]
 [5.51837823e+00 5.97372297e+00 1.87049598e+01]
 [1.43835487e+01 1.93178976e+01 1.01817927e+01]
 [7.29882319e+00 5.06663015e+00 5.07621375e+00]
 [1.43566738e+01 9.68278390e+00 6.19530046e+00]
 [9.32072549e-03 1.49680688e+01 1.13953841e+01]
 [3.18978622e+00 4.49761341e+00 1.22629860e+01]
 [1.50192651e+01 1.15574095e+00 7.42927258e+00]
 [1.65975198e+01 4.16657791e+00 1.50863781e+01]
 [1.28109052e-01 4.52984550e-01 7.94215716e+00]
 [1.66402740e+01 1.54307808e+01 1.77495070e+01]
 [1.13003792e+01 1.18622778e+01 2.87543393e+00]
 [2.39622245e+00 4.48351546e+00 1.80015025e+01]
 [3.94906212e+00 5.51647284e+00 6.19682124e-01]
 [8.23081968e+00 1.40278564e+01 9.58339132e+00]
 [1.36763169e+01 4.45304525e+00 8.53805478e+00]
 [6.41715453e+00 2.16637093e+00 1.89875335e+01]
 [1.03625026e+01 1.56600814e+01 1.54495169e+01]
 [1.85470805e+01 9.17248508e+00 5.99012904e+00]
 [1.16914196e+01 3.31808882e+00 1.64720318e+01]
 [1.91686403e+01 4.13710434e+00 1.81956940e+01]
 [8.20932157e+00 3.70882703e+00 1.69680615e+01]
 [6.72954153e+00 1.35127924e+00 6.43067065e+00]
 [3.75935630e+00 1.66720288e+00 7.68463224e+00]
 [1.54591644e+01 7.45297511e+00 1.53996557e+01]
 [1.68883395e+01 1.82248407e+01 1.27653516e+01]
 [5.19157770e-01 6.80601494e+00 1.02165831e+01]
 [1.10977945e+01 1.56450406e+01 1.43934067e+01]
 [1.25498644e-01 1.58833930e+01 8.17321031e+00]
 [1.45947613e+01 1.15022708e+01 1.47084722e+01]
 [1.63651679e+01 7.11984747e+00 2.87702840e+00]
 [5.53872004e+00 1.22043713e+01 6.65417468e+00]
 [9.74235482e+00 1.71911909e+01 1.76313822e+01]
 [1.82106743e+01 1.23553569e+01 1.79156403e+01]
 [1.66651083e+01 1.16973876e+01 1.49679511e+01]
 [1.74420660e+01 9.50621861e-01 5.47062419e+00]
 [1.82420494e+01 8.89081924e+00 1.52062708e+01]
 [1.49911551e+01 1.75644765e+01 5.06637101e+00]
 [1.60244541e+01 1.62086120e+01 1.20940384e+00]
 [2.07942799e+00 2.22145432e-01 6.33993130e+00]
 [1.13325547e+01 6.37534794e+00 6.02308347e-01]
 [1.14684467e+01 1.67810088e+01 9.64689583e+00]
 [4.09877460e+00 1.86152560e+01 1.71870242e+01]
 [1.58588863e+01 1.25781575e+01 8.13807450e+00]
 [1.44644701e+01 1.28140674e+01 8.63780047e+00]
 [1.56378832e+01 1.29268341e+01 1.92849728e+01]
 [1.52955037e+01 1.81556953e+01 6.17547632e+00]
 [1.45573483e+01 1.36463311e+01 6.24435089e+00]
 [1.98409679e+01 1.62182063e+01 1.41400917e+01]
 [1.54133156e+01 7.62280656e+00 1.60529503e+01]
 [7.04753891e+00 1.83434573e+01 1.98705288e+01]
 [1.76735091e+01 1.23625786e+00 5.63308307e+00]
 [1.86616441e+01 8.69574534e+00 1.86729878e+01]
 [1.93430939e+01 4.25412107e+00 1.09350273e+01]
 [1.25823745e+01 8.80380505e+00 1.22150105e+01]
 [8.40600566e+00 1.25608000e+01 2.92794627e+00]
 [1.39370832e+01 5.29846797e+00 2.58972598e-01]
 [1.88548418e+01 5.64480038e+00 1.80287814e-01]
 [1.17642253e+01 1.44344558e+01 1.76405339e+00]
 [6.53734870e+00 1.23570980e+01 1.94819652e+01]
 [7.46957760e+00 3.31282296e+00 1.91093025e+00]
 [1.79224673e+01 1.93497343e+01 4.00446296e+00]]
