[[18.65467984 15.09071138 14.79961783]
 [19.54130848  9.40342487  0.40049849]
 [11.6592722   3.02964006  4.07982235]
 [15.0794524   9.8590237   6.2469628 ]
 [ 5.26169283  6.46243479 14.13738703]]
[[18.65450815 15.09057823 14.79952166]
 [19.54106566  9.403337    0.40058159]
 [11.65931219  3.02967753  4.07991459]
 [15.0792654   9.85890658  6.2468411 ]
 [ 5.26173882  6.46238646 14.13726709]]
[[18.65423704 15.09036378 14.7993451 ]
 [19.54065589  9.40317174  0.40066866]
 [11.65934285  3.02971306  4.08000373]
 [15.07893618  9.85869473  6.24665791]
 [ 5.26175935  6.46230297 14.1370636 ]]
[[18.65386651 15.09006802 14.79908817]
 [19.54007916  9.40292908  0.40075971]
 [11.65936418  3.02974666  4.08008977]
 [15.07846474  9.85838815  6.24641324]
 [ 5.26175443  6.46218432 14.13677657]]
[[18.65339656 15.08969097 14.79875086]
 [19.53933547  9.40260902  0.40085473]
 [11.65937617  3.02977832  4.08017271]
 [15.07785108  9.85798682  6.24610709]
 [ 5.26172406  6.4620305  14.13640599]]
[[18.65282719 15.08923261 14.79833316]
 [19.53842481  9.40221156  0.40095373]
 [11.65937882  3.02980805  4.08025256]
 [15.07709518  9.85749076  6.24573945]
 [ 5.26166823  6.46184151 14.13595185]]
[[18.65215839 15.08869294 14.79783508]
 [19.53734716  9.40173668  0.4010567 ]
 [11.65937214  3.02983584  4.08032931]
 [15.07619705  9.85689995  6.24531033]
 [ 5.26158695  6.46161736 14.13541415]]
[[18.65139017 15.08807197 14.79725661]
 [19.53610251  9.40118439  0.40116364]
 [11.65935611  3.0298617   4.08040296]
 [15.07515667  9.85621439  6.24481971]
 [ 5.2614802   6.46135803 14.13479289]]
[[18.65052252 15.0873697  14.79659776]
 [19.53469085  9.40055468  0.40127455]
 [11.65933074  3.02988562  4.08047351]
 [15.07397405  9.85543407  6.2442676 ]
 [ 5.261348    6.46106353 14.13408805]]
[[18.64955544 15.08658611 14.79585853]
 [19.53311217  9.39984753  0.40138944]
 [11.65929603  3.0299076   4.08054096]
 [15.07264917  9.854559    6.243654  ]
 [ 5.26119033  6.46073385 14.13329963]]
[[18.64848894 15.08572121 14.7950389 ]
 [19.53136645  9.39906296  0.40150829]
 [11.65925197  3.02992764  4.08060531]
 [15.07118202  9.85358916  6.2429789 ]
 [ 5.26100719  6.46036899 14.13242763]]
[[18.647323   15.08477501 14.79413889]
 [19.52945368  9.39820093  0.40163112]
 [11.65919856  3.02994575  4.08066656]
 [15.06957261  9.85252455  6.24224229]
 [ 5.26079858  6.45996894 14.13147203]]
[[18.64605764 15.08374749 14.79315848]
 [19.52737383  9.39726146  0.40175792]
 [11.6591358   3.02996192  4.0807247 ]
 [15.06782091  9.85136517  6.24144418]
 [ 5.26056449  6.4595337  14.13043282]]
[[18.64469283 15.08263866 14.79209768]
 [19.52512688  9.39624452  0.40188869]
 [11.65906369  3.02997615  4.08077974]
 [15.06592693  9.850111    6.24058455]
 [ 5.26030493  6.45906328 14.12931   ]]
[[18.64322859 15.08144851 14.79095649]
 [19.52271282  9.39515011  0.40202343]
 [11.65898222  3.02998845  4.08083168]
 [15.06389064  9.84876204  6.23966341]
 [ 5.26001989  6.45855765 14.12810355]]
[[18.64166492 15.08017705 14.7897349 ]
 [19.52013163  9.39397822  0.40216215]
 [11.65889139  3.0299988   4.0808805 ]
 [15.06171205  9.84731828  6.23868075]
 [ 5.25970936  6.45801682 14.12681346]]
[[18.6400018  15.07882427 14.78843292]
 [19.51738327  9.39272883  0.40230483]
 [11.65879119  3.03000721  4.08092622]
 [15.05939113  9.84577971  6.23763657]
 [ 5.25937334  6.45744079 14.12543973]]
[[18.63823924 15.07739017 14.78705054]
 [19.51446773  9.39140193  0.40245148]
 [11.65868162  3.03001368  4.08096883]
 [15.05692787  9.84414633  6.23653085]
 [ 5.25901183  6.45682954 14.12398233]]
[[18.63637723 15.07587474 14.78558775]
 [19.51138497  9.38999752  0.40260211]
 [11.65856268  3.03001821  4.08100833]
 [15.05432227  9.84241813  6.23536359]
 [ 5.25862482  6.45618307 14.12244125]]
[[18.63441577 15.07427799 14.78404456]
 [19.50813498  9.38851558  0.4027567 ]
 [11.65843437  3.0300208   4.08104472]
 [15.05157432  9.84059509  6.23413479]
 [ 5.25821231  6.45550138 14.12081648]]
[[18.63235486 15.07259992 14.78242097]
 [19.50471772  9.38695609  0.40291526]
 [11.65829667  3.03002144  4.08107799]
 [15.04868398  9.8386772   6.23284444]
 [ 5.25777428  6.45478445 14.119108  ]]
[[18.6301945  15.07084051 14.78071697]
 [19.50113316  9.38531905  0.4030778 ]
 [11.65814959  3.03002014  4.08110814]
 [15.04565126  9.83666446  6.23149254]
 [ 5.25731074  6.45403229 14.11731579]]
[[18.62793468 15.06899978 14.77893256]
 [19.49738127  9.38360443  0.4032443 ]
 [11.65799312  3.03001689  4.08113518]
 [15.04247614  9.83455686  6.23007907]
 [ 5.25682169  6.45324488 14.11543985]]
[[18.62557541 15.06707771 14.77706774]
 [19.49346201  9.38181222  0.40341478]
 [11.65782725  3.03001169  4.0811591 ]
 [15.0391586   9.83235439  6.22860403]
 [ 5.2563071   6.45242221 14.11348014]]
[[18.62311666 15.0650743  14.77512251]
 [19.48937536  9.3799424   0.40358922]
 [11.65765198  3.03000455  4.0811799 ]
 [15.03569863  9.83005702  6.22706741]
 [ 5.25576698  6.45156429 14.11143666]]
[[18.62055845 15.06298956 14.77309685]
 [19.48512128  9.37799496  0.40376764]
 [11.6574673   3.02999546  4.08119757]
 [15.0320962   9.82766476  6.2254692 ]
 [ 5.25520133  6.45067109 14.10930938]]
[[18.61790077 15.06082347 14.77099079]
 [19.48069973  9.37596988  0.40395003]
 [11.6572732   3.02998442  4.08121211]
 [15.02835131  9.82517758  6.22380941]
 [ 5.25461013  6.44974262 14.10709828]]
[[18.61514362 15.05857604 14.7688043 ]
 [19.47611068  9.37386715  0.40413639]
 [11.65706969  3.02997143  4.08122353]
 [15.02446393  9.82259548  6.222088  ]
 [ 5.25399337  6.44877886 14.10480334]]
[[18.61228699 15.05624726 14.76653738]
 [19.47135407  9.37168674  0.40432672]
 [11.65685676  3.02995648  4.08123182]
 [15.02043404  9.81991845  6.22030499]
 [ 5.25335106  6.44777981 14.10242455]]
[[18.60933087 15.05383714 14.76419004]
 [19.46642988  9.36942863  0.40452102]
 [11.65663439  3.02993959  4.08123697]
 [15.01626163  9.81714646  6.21846035]
 [ 5.25268318  6.44674545 14.09996187]]
[[18.60627528 15.05134566 14.76176227]
 [19.46133806  9.36709281  0.4047193 ]
 [11.65640258  3.02992073  4.08123899]
 [15.01194668  9.81427951  6.21655409]
 [ 5.25198973  6.44567577 14.09741528]]
[[18.60312019 15.04877282 14.75925407]
 [19.45607856  9.36467925  0.40492154]
 [11.65616132  3.02989993  4.08123787]
 [15.00748917  9.81131757  6.21458618]
 [ 5.25127069  6.44457077 14.09478477]]
[[18.59986561 15.04611862 14.75666543]
 [19.45065135  9.36218793  0.40512776]
 [11.65591061  3.02987716  4.08123362]
 [15.00288907  9.80826065  6.21255663]
 [ 5.25052607  6.44343043 14.0920703 ]]
[[18.59651153 15.04338307 14.75399636]
 [19.44505637  9.35961884  0.40533796]
 [11.65565044  3.02985244  4.08122621]
 [14.99814636  9.80510871  6.21046541]
 [ 5.24975585  6.44225475 14.08927185]]
[[18.59305794 15.04056614 14.75124684]
 [19.43929358  9.35697194  0.40555212]
 [11.6553808   3.02982575  4.08121566]
 [14.99326102  9.80186175  6.20831252]
 [ 5.24896002  6.4410437  14.08638939]]
[[18.58950485 15.03766785 14.74841688]
 [19.43336293  9.35424722  0.40577026]
 [11.65510169  3.02979711  4.08120197]
 [14.98823304  9.79851974  6.20609795]
 [ 5.24813857  6.43979729 14.0834229 ]]
[[18.58585225 15.03468818 14.74550648]
 [19.42726437  9.35144466  0.40599238]
 [11.65481309  3.0297665   4.08118512]
 [14.98306238  9.79508267  6.20382169]
 [ 5.24729151  6.4385155  14.08037235]]
[[18.58210013 15.03162714 14.74251562]
 [19.42099785  9.34856422  0.40621847]
 [11.65451499  3.02973392  4.08116511]
 [14.97774901  9.79155053  6.20148372]
 [ 5.2464188   6.43719832 14.07723771]]
[[18.57824849 15.02848471 14.73944431]
 [19.4145633   9.34560588  0.40644853]
 [11.65420739  3.02969938  4.08114195]
 [14.97229293  9.7879233   6.19908403]
 [ 5.24552046  6.43584573 14.07401895]]
[[18.57429733 15.0252609  14.73629254]
 [19.40796069  9.34256962  0.40668257]
 [11.65389029  3.02966287  4.08111562]
 [14.9666941   9.78420095  6.19662262]
 [ 5.24459646  6.43445772 14.07071603]]
[[18.57024663 15.02195571 14.73306031]
 [19.40118996  9.33945541  0.40692059]
 [11.65356366  3.0296244   4.08108613]
 [14.96095249  9.78038347  6.19409947]
 [ 5.2436468   6.43303428 14.06732894]]
[[18.56609639 15.01856912 14.72974761]
 [19.39425103  9.33626322  0.40716258]
 [11.6532275   3.02958395  4.08105347]
 [14.95506808  9.77647085  6.19151456]
 [ 5.24267147  6.43157539 14.06385763]]
[[18.56184662 15.01510113 14.72635445]
 [19.38714387  9.33299304  0.40740856]
 [11.6528818   3.02954152  4.08101764]
 [14.94904084  9.77246305  6.18886788]
 [ 5.24167045  6.43008105 14.06030208]]
[[18.55749729 15.01155175 14.72288082]
 [19.3798684   9.32964482  0.40765851]
 [11.65252655  3.02949712  4.08097864]
 [14.94287074  9.76836007  6.18615942]
 [ 5.24064374  6.42855124 14.05666225]]
[[18.55304841 15.00792095 14.71932671]
 [19.37242458  9.32621854  0.40791244]
 [11.65216174  3.02945075  4.08093645]
 [14.93655776  9.76416187  6.18338917]
 [ 5.23959133  6.42698593 14.0529381 ]]
[[18.54849998 15.00420875 14.71569212]
 [19.36481232  9.32271417  0.40817035]
 [11.65178736  3.02940239  4.08089109]
 [14.93010186  9.75986845  6.1805571 ]
 [ 5.23851319  6.42538513 14.04912961]]
[[18.54385197 15.00041514 14.71197705]
 [19.35703158  9.31913168  0.40843224]
 [11.6514034   3.02935206  4.08084253]
 [14.92350302  9.75547977  6.17766322]
 [ 5.23740934  6.42374881 14.04523673]]
[[18.5391044  14.9965401  14.70818149]
 [19.34908228  9.31547104  0.40869812]
 [11.65100985  3.02929974  4.08079079]
 [14.91676121  9.75099582  6.17470749]
 [ 5.23627974  6.42207695 14.04125943]]
[[18.53425725 14.99258365 14.70430544]
 [19.34096435  9.31173222  0.40896797]
 [11.65060669  3.02924543  4.08073585]
 [14.90987639  9.74641658  6.17168992]
 [ 5.23512439  6.42036955 14.03719767]]
[[18.52931051 14.98854576 14.70034889]
 [19.33267774  9.30791518  0.40924181]
 [11.65019392  3.02918914  4.08067771]
 [14.90284853  9.74174202  6.16861047]
 [ 5.23394328  6.41862659 14.03305142]]
