[[13.21761808  2.12050073  1.91950831]
 [16.41485138  3.76245466  5.34846032]
 [ 9.01134688 10.99339442 14.97817468]
 [ 9.78194616 10.06042045  0.47556359]
 [ 6.73436243  1.80928779  6.14536864]
 [ 1.27152322  3.41528929 15.32247689]
 [ 4.30939516  4.94570233 12.26286274]
 [ 3.64420516  2.69650845 17.85027465]
 [14.43718095 12.34121613 10.18212332]
 [ 3.71184741 13.65731465 17.27270994]]
[[13.21761868  2.12050224  1.91950934]
 [16.41485235  3.76245504  5.34846996]
 [ 9.01134838 10.99339288 14.97818042]
 [ 9.78195661 10.0604232   0.47556594]
 [ 6.73436301  1.80929452  6.14537637]
 [ 1.27153021  3.41528896 15.32247313]
 [ 4.30940125  4.9457081  12.26286034]
 [ 3.644209    2.69651005 17.85027185]
 [14.43718748 12.34121858 10.18213052]
 [ 3.71185649 13.65731939 17.27271189]]
[[13.21761896  2.12050372  1.91951033]
 [16.41485374  3.76245554  5.34847958]
 [ 9.01134836 10.99338964 14.97818413]
 [ 9.7819678  10.06042659  0.47556821]
 [ 6.73436336  1.80930121  6.14538414]
 [ 1.27153711  3.41528793 15.32246617]
 [ 4.30940616  4.94571254 12.26285488]
 [ 3.64421185  2.69651109 17.8502643 ]
 [14.43719428 12.34122123 10.18213786]
 [ 3.71186534 13.657323   17.27271245]]
[[13.21761894  2.12050516  1.91951128]
 [16.41485555  3.76245617  5.34848918]
 [ 9.0113468  10.9933847  14.9781858 ]
 [ 9.78197975 10.0604306   0.47557042]
 [ 6.73436347  1.80930788  6.14539194]
 [ 1.27154393  3.41528619 15.32245602]
 [ 4.30940988  4.94571564 12.26284636]
 [ 3.64421371  2.69651157 17.85025201]
 [14.43720135 12.34122408 10.18214532]
 [ 3.71187394 13.65732547 17.27271163]]
[[13.2176186   2.12050657  1.91951219]
 [16.41485778  3.76245692  5.34849876]
 [ 9.01134371 10.99337806 14.97818545]
 [ 9.78199244 10.06043525  0.47557256]
 [ 6.73436334  1.8093145   6.14539976]
 [ 1.27155066  3.41528376 15.32244266]
 [ 4.30941242  4.94571741 12.26283478]
 [ 3.64421457  2.6965115  17.85023497]
 [14.4372087  12.34122714 10.18215291]
 [ 3.7118823  13.65732681 17.27270943]]
[[13.21761795  2.12050795  1.91951306]
 [16.41486043  3.7624578   5.34850831]
 [ 9.0113391  10.99336973 14.97818307]
 [ 9.78200588 10.06044053  0.47557464]
 [ 6.73436297  1.8093211   6.14540761]
 [ 1.27155731  3.41528063 15.32242611]
 [ 4.30941376  4.94571785 12.26282015]
 [ 3.64421444  2.69651086 17.85021319]
 [14.43721632 12.34123041 10.18216063]
 [ 3.71189041 13.65732701 17.27270584]]
[[13.21761699  2.1205093   1.9195139 ]
 [16.4148635   3.76245881  5.34851785]
 [ 9.01133295 10.9933597  14.97817865]
 [ 9.78202007 10.06044644  0.47557665]
 [ 6.73436236  1.80932766  6.14541549]
 [ 1.27156387  3.4152768  15.32240636]
 [ 4.30941392  4.94571695 12.26280245]
 [ 3.64421331  2.69650967 17.85018665]
 [14.43722421 12.34123388 10.18216848]
 [ 3.71189829 13.65732608 17.27270087]]
[[13.21761571  2.12051062  1.91951469]
 [16.414867    3.76245994  5.34852737]
 [ 9.01132527 10.99334796 14.97817221]
 [ 9.78203501 10.06045298  0.47557859]
 [ 6.73436151  1.80933419  6.1454234 ]
 [ 1.27157035  3.41527226 15.32238341]
 [ 4.30941289  4.94571472 12.2627817 ]
 [ 3.64421118  2.69650793 17.85015537]
 [14.43723237 12.34123756 10.18217645]
 [ 3.71190592 13.65732402 17.27269452]]
[[13.21761412  2.12051191  1.91951545]
 [16.41487091  3.7624612   5.34853686]
 [ 9.01131606 10.99333453 14.97816373]
 [ 9.78205069 10.06046016  0.47558047]
 [ 6.73436042  1.80934069  6.14543134]
 [ 1.27157674  3.41526703 15.32235726]
 [ 4.30941067  4.94571115 12.26275788]
 [ 3.64420806  2.69650562 17.85011934]
 [14.4372408  12.34124145 10.18218456]
 [ 3.71191331 13.65732082 17.27268678]]
[[13.21761222  2.12051316  1.91951616]
 [16.41487525  3.76246258  5.34854633]
 [ 9.01130532 10.9933194  14.97815322]
 [ 9.78206713 10.06046796  0.47558228]
 [ 6.73435909  1.80934716  6.14543931]
 [ 1.27158304  3.4152611  15.32232791]
 [ 4.30940726  4.94570625 12.26273101]
 [ 3.64420395  2.69650276 17.85007857]
 [14.43724951 12.34124554 10.18219279]
 [ 3.71192046 13.65731649 17.27267767]]
[[13.21761     2.12051438  1.91951684]
 [16.41488001  3.76246409  5.34855579]
 [ 9.01129305 10.99330258 14.97814068]
 [ 9.78208431 10.0604764   0.47558403]
 [ 6.73435753  1.80935359  6.1454473 ]
 [ 1.27158926  3.41525447 15.32229536]
 [ 4.30940266  4.94570001 12.26270108]
 [ 3.64419884  2.69649935 17.85003304]
 [14.43725848 12.34124983 10.18220115]
 [ 3.71192736 13.65731102 17.27266717]]
[[13.21760748  2.12051557  1.91951748]
 [16.41488519  3.76246573  5.34856522]
 [ 9.01127925 10.99328405 14.97812611]
 [ 9.78210224 10.06048547  0.4755857 ]
 [ 6.73435572  1.80935999  6.14545532]
 [ 1.2715954   3.41524714 15.32225962]
 [ 4.30939688  4.94569244 12.26266809]
 [ 3.64419274  2.69649537 17.84998277]
 [14.43726773 12.34125433 10.18220964]
 [ 3.71193403 13.65730442 17.27265528]]
[[13.21760464  2.12051673  1.91951808]
 [16.41489079  3.7624675   5.34857463]
 [ 9.01126392 10.99326383 14.97810951]
 [ 9.78212092 10.06049517  0.47558732]
 [ 6.73435368  1.80936635  6.14546338]
 [ 1.27160144  3.4152391  15.32222068]
 [ 4.30938991  4.94568353 12.26263204]
 [ 3.64418564  2.69649084 17.84992775]
 [14.43727725 12.34125904 10.18221826]
 [ 3.71194045 13.65729668 17.27264202]]
[[13.21760148  2.12051785  1.91951864]
 [16.41489682  3.76246939  5.34858402]
 [ 9.01124705 10.9932419  14.97809088]
 [ 9.78214035 10.0605055   0.47558886]
 [ 6.73435139  1.80937269  6.14547146]
 [ 1.27160741  3.41523037 15.32217853]
 [ 4.30938175  4.94567329 12.26259293]
 [ 3.64417754  2.69648575 17.84986798]
 [14.43728705 12.34126395 10.18222701]
 [ 3.71194663 13.65728781 17.27262737]]
[[13.21759802  2.12051895  1.91951916]
 [16.41490326  3.76247141  5.34859339]
 [ 9.01122866 10.99321828 14.97807022]
 [ 9.78216053 10.06051646  0.47559034]
 [ 6.73434887  1.80937899  6.14547957]
 [ 1.27161328  3.41522094 15.32213319]
 [ 4.3093724   4.94566172 12.26255076]
 [ 3.64416845  2.6964801  17.84980347]
 [14.43729711 12.34126907 10.18223588]
 [ 3.71195257 13.65727781 17.27261133]]
[[13.21759424  2.12052001  1.91951964]
 [16.41491013  3.76247355  5.34860274]
 [ 9.01120873 10.99319296 14.97804752]
 [ 9.78218145 10.06052805  0.47559175]
 [ 6.7343461   1.80938526  6.1454877 ]
 [ 1.27161907  3.41521081 15.32208465]
 [ 4.30936186  4.94564881 12.26250553]
 [ 3.64415837  2.6964739  17.84973421]
 [14.43730745 12.34127439 10.18224489]
 [ 3.71195826 13.65726667 17.27259392]]
[[13.21759015  2.12052104  1.91952009]
 [16.41491741  3.76247582  5.34861207]
 [ 9.01118728 10.99316594 14.9780228 ]
 [ 9.78220313 10.06054028  0.4755931 ]
 [ 6.7343431   1.80939149  6.14549587]
 [ 1.27162478  3.41519997 15.32203292]
 [ 4.30935013  4.94563456 12.26245724]
 [ 3.64414729  2.69646714 17.8496602 ]
 [14.43731806 12.34127992 10.18225402]
 [ 3.71196372 13.6572544  17.27257512]]
[[13.21758574  2.12052203  1.91952049]
 [16.41492512  3.76247821  5.34862138]
 [ 9.01116429 10.99313723 14.97799604]
 [ 9.78222555 10.06055314  0.47559438]
 [ 6.73433985  1.8093977   6.14550406]
 [ 1.2716304   3.41518844 15.32197798]
 [ 4.30933722  4.94561898 12.2624059 ]
 [ 3.64413521  2.69645982 17.84958144]
 [14.43732894 12.34128566 10.18226328]
 [ 3.71196893 13.65724099 17.27255494]]
[[13.21758102  2.120523    1.91952086]
 [16.41493325  3.76248074  5.34863066]
 [ 9.01113978 10.99310681 14.97796725]
 [ 9.78224872 10.06056663  0.47559559]
 [ 6.73433637  1.80940387  6.14551228]
 [ 1.27163593  3.41517621 15.32191985]
 [ 4.30932312  4.94560207 12.26235149]
 [ 3.64412215  2.69645194 17.84949794]
 [14.43734009 12.3412916  10.18227267]
 [ 3.7119739  13.65722645 17.27253337]]
[[13.21757599  2.12052393  1.91952118]
 [16.4149418   3.76248339  5.34863993]
 [ 9.01111373 10.9930747  14.97793644]
 [ 9.78227264 10.06058075  0.47559674]
 [ 6.73433265  1.80941     6.14552054]
 [ 1.27164138  3.41516328 15.32185851]
 [ 4.30930783  4.94558382 12.26229403]
 [ 3.64410808  2.69644351 17.84940968]
 [14.43735152 12.34129775 10.18228219]
 [ 3.71197863 13.65721078 17.27251043]]
[[13.21757065  2.12052484  1.91952147]
 [16.41495078  3.76248616  5.34864918]
 [ 9.01108615 10.99304088 14.97790359]
 [ 9.78229731 10.0605955   0.47559782]
 [ 6.73432869  1.80941611  6.14552882]
 [ 1.27164674  3.41514964 15.32179398]
 [ 4.30929135  4.94556424 12.26223351]
 [ 3.64409302  2.69643452 17.84931668]
 [14.43736321 12.3413041  10.18229183]
 [ 3.71198312 13.65719397 17.2724861 ]]
[[13.217565    2.12052571  1.91952172]
 [16.41496017  3.76248906  5.3486584 ]
 [ 9.01105705 10.99300537 14.97786871]
 [ 9.78232273 10.06061089  0.47559883]
 [ 6.73432449  1.80942218  6.14553712]
 [ 1.27165201  3.41513531 15.32172625]
 [ 4.30927368  4.94554332 12.26216993]
 [ 3.64407697  2.69642497 17.84921894]
 [14.43737518 12.34131066 10.18230161]
 [ 3.71198736 13.65717603 17.27246038]]
[[13.21755903  2.12052654  1.91952193]
 [16.41496999  3.76249209  5.34866761]
 [ 9.01102641 10.99296816 14.9778318 ]
 [ 9.78234889 10.0606269   0.47559978]
 [ 6.73432005  1.80942822  6.14554546]
 [ 1.27165721  3.41512028 15.32165532]
 [ 4.30925482  4.94552107 12.26210328]
 [ 3.64405991  2.69641487 17.84911644]
 [14.43738742 12.34131742 10.18231151]
 [ 3.71199136 13.65715695 17.27243329]]
[[13.21755275  2.12052735  1.9195221 ]
 [16.41498023  3.76249525  5.34867679]
 [ 9.01099424 10.99292925 14.97779285]
 [ 9.78237581 10.06064355  0.47560066]
 [ 6.73431537  1.80943423  6.14555382]
 [ 1.27166231  3.41510455 15.32158119]
 [ 4.30923478  4.94549748 12.26203358]
 [ 3.64404187  2.6964042  17.8490092 ]
 [14.43739994 12.34132439 10.18232154]
 [ 3.71199512 13.65713674 17.27240481]]
[[13.21754615  2.12052812  1.91952223]
 [16.41499088  3.76249853  5.34868595]
 [ 9.01096054 10.99288865 14.97775188]
 [ 9.78240347 10.06066083  0.47560148]
 [ 6.73431045  1.8094402   6.14556222]
 [ 1.27166733  3.41508811 15.32150386]
 [ 4.30921355  4.94547256 12.26196082]
 [ 3.64402283  2.69639298 17.84889721]
 [14.43741272 12.34133156 10.1823317 ]
 [ 3.71199864 13.65711539 17.27237495]]
[[13.21753925  2.12052886  1.91952232]
 [16.41500197  3.76250193  5.3486951 ]
 [ 9.01092531 10.99284634 14.97770887]
 [ 9.78243188 10.06067874  0.47560223]
 [ 6.73430529  1.80944614  6.14557064]
 [ 1.27167226  3.41507098 15.32142333]
 [ 4.30919113  4.94544631 12.26188501]
 [ 3.64400279  2.69638121 17.84878047]
 [14.43742578 12.34133894 10.18234199]
 [ 3.71200192 13.65709291 17.2723437 ]]
[[13.21753203  2.12052957  1.91952237]
 [16.41501347  3.76250547  5.34870422]
 [ 9.01088855 10.99280234 14.97766384]
 [ 9.78246104 10.06069728  0.47560291]
 [ 6.73429989  1.80945205  6.14557909]
 [ 1.27167711  3.41505315 15.32133961]
 [ 4.30916752  4.94541872 12.26180613]
 [ 3.64398176  2.69636887 17.84865898]
 [14.4374391  12.34134653 10.1823524 ]
 [ 3.71200495 13.6570693  17.27231108]]
[[13.21752449  2.12053025  1.91952239]
 [16.41502539  3.76250913  5.34871332]
 [ 9.01085025 10.99275663 14.97761677]
 [ 9.78249095 10.06071645  0.47560353]
 [ 6.73429425  1.80945792  6.14558756]
 [ 1.27168187  3.41503462 15.32125268]
 [ 4.30914272  4.94538979 12.26172419]
 [ 3.64395974  2.69635598 17.84853274]
 [14.4374527  12.34135432 10.18236295]
 [ 3.71200774 13.65704455 17.27227707]]
[[13.21751665  2.1205309   1.91952236]
 [16.41503774  3.76251292  5.3487224 ]
 [ 9.01081043 10.99270923 14.97756767]
 [ 9.78252161 10.06073626  0.47560408]
 [ 6.73428837  1.80946377  6.14559607]
 [ 1.27168655  3.41501538 15.32116256]
 [ 4.30911674  4.94535953 12.26163919]
 [ 3.64393672  2.69634253 17.84840176]
 [14.43746658 12.34136232 10.18237362]
 [ 3.71201029 13.65701867 17.27224167]]
[[13.21750849  2.12053151  1.9195223 ]
 [16.4150505   3.76251683  5.34873146]
 [ 9.01076908 10.99266013 14.97751654]
 [ 9.78255301 10.06075669  0.47560456]
 [ 6.73428226  1.80946958  6.14560461]
 [ 1.27169114  3.41499545 15.32106924]
 [ 4.30908956  4.94532794 12.26155114]
 [ 3.6439127   2.69632853 17.84826603]
 [14.43748072 12.34137052 10.18238442]
 [ 3.7120126  13.65699165 17.2722049 ]]
[[13.21750002  2.12053209  1.91952219]
 [16.41506369  3.76252087  5.3487405 ]
 [ 9.01072619 10.99260933 14.97746338]
 [ 9.78258517 10.06077776  0.47560498]
 [ 6.7342759   1.80947535  6.14561317]
 [ 1.27169564  3.41497482 15.32097272]
 [ 4.3090612   4.94529501 12.26146002]
 [ 3.64388769  2.69631396 17.84812555]
 [14.43749514 12.34137893 10.18239535]
 [ 3.71201467 13.6569635  17.27216674]]
[[13.21749124  2.12053265  1.91952205]
 [16.4150773   3.76252503  5.34874952]
 [ 9.01068178 10.99255683 14.97740819]
 [ 9.78261807 10.06079946  0.47560533]
 [ 6.7342693   1.8094811   6.14562176]
 [ 1.27170006  3.41495349 15.32087299]
 [ 4.30903165  4.94526074 12.26136585]
 [ 3.64386168  2.69629884 17.84798032]
 [14.43750982 12.34138755 10.18240641]
 [ 3.71201649 13.65693422 17.2721272 ]]
[[13.21748214  2.12053316  1.91952187]
 [16.41509133  3.76252933  5.34875851]
 [ 9.01063583 10.99250264 14.97735097]
 [ 9.78265172 10.0608218   0.47560561]
 [ 6.73426247  1.80948681  6.14563038]
 [ 1.27170439  3.41493145 15.32077007]
 [ 4.30900091  4.94522514 12.26126861]
 [ 3.64383468  2.69628317 17.84783034]
 [14.43752478 12.34139637 10.1824176 ]
 [ 3.71201807 13.6569038  17.27208627]]
[[13.21747273  2.12053365  1.91952165]
 [16.41510579  3.76253374  5.34876749]
 [ 9.01058835 10.99244674 14.97729172]
 [ 9.78268612 10.06084476  0.47560583]
 [ 6.73425539  1.80949249  6.14563903]
 [ 1.27170864  3.41490872 15.32066396]
 [ 4.30896898  4.94518821 12.26116832]
 [ 3.64380668  2.69626693 17.84767562]
 [14.43754002 12.34140539 10.18242891]
 [ 3.71201941 13.65687225 17.27204396]]
[[13.21746301  2.1205341   1.91952139]
 [16.41512066  3.76253829  5.34877645]
 [ 9.01053934 10.99238915 14.97723043]
 [ 9.78272127 10.06086835  0.47560598]
 [ 6.73424807  1.80949813  6.1456477 ]
 [ 1.2717128   3.41488529 15.32055464]
 [ 4.30893587  4.94514994 12.26106497]
 [ 3.64377769  2.69625014 17.84751614]
 [14.43755552 12.34141462 10.18244036]
 [ 3.71202051 13.65683956 17.27200027]]
[[13.21745298  2.12053453  1.91952109]
 [16.41513596  3.76254296  5.34878538]
 [ 9.01048881 10.99232985 14.97716711]
 [ 9.78275717 10.06089258  0.47560607]
 [ 6.73424052  1.80950374  6.14565641]
 [ 1.27171688  3.41486115 15.32044212]
 [ 4.30890156  4.94511034 12.26095856]
 [ 3.6437477   2.69623279 17.84735192]
 [14.43757129 12.34142406 10.18245193]
 [ 3.71202136 13.65680574 17.2719552 ]]
[[13.21744263  2.12053492  1.91952075]
 [16.41515168  3.76254776  5.3487943 ]
 [ 9.01043674 10.99226886 14.97710177]
 [ 9.78279381 10.06091744  0.47560609]
 [ 6.73423272  1.80950932  6.14566514]
 [ 1.27172087  3.41483632 15.3203264 ]
 [ 4.30886607  4.9450694  12.26084909]
 [ 3.64371672  2.69621488 17.84718295]
 [14.43758734 12.3414337  10.18246363]
 [ 3.71202198 13.65677078 17.27190874]]
[[13.21743197  2.12053528  1.91952037]
 [16.41516782  3.76255268  5.34880319]
 [ 9.01038314 10.99220617 14.97703439]
 [ 9.78283121 10.06094293  0.47560604]
 [ 6.73422469  1.80951487  6.1456739 ]
 [ 1.27172477  3.41481078 15.32020749]
 [ 4.30882939  4.94502713 12.26073656]
 [ 3.64368474  2.69619642 17.84700923]
 [14.43760366 12.34144355 10.18247546]
 [ 3.71202235 13.65673469 17.2718609 ]]
[[13.217421    2.1205356   1.91951996]
 [16.41518438  3.76255773  5.34881207]
 [ 9.010328   10.99214178 14.97696498]
 [ 9.78286935 10.06096905  0.47560593]
 [ 6.73421641  1.80952039  6.14568269]
 [ 1.27172859  3.41478455 15.32008537]
 [ 4.30879152  4.94498352 12.26062097]
 [ 3.64365176  2.69617739 17.84683076]
 [14.43762025 12.3414536  10.18248742]
 [ 3.71202248 13.65669747 17.27181168]]
[[13.21740971  2.1205359   1.9195195 ]
 [16.41520136  3.76256291  5.34882092]
 [ 9.01027134 10.9920757  14.97689354]
 [ 9.78290824 10.06099581  0.47560575]
 [ 6.7342079   1.80952587  6.1456915 ]
 [ 1.27173233  3.41475762 15.31996006]
 [ 4.30875246  4.94493858 12.26050232]
 [ 3.64361779  2.69615781 17.84664755]
 [14.43763712 12.34146386 10.18249951]
 [ 3.71202237 13.65665911 17.27176107]]
[[13.21739812  2.12053616  1.91951901]
 [16.41521877  3.76256821  5.34882975]
 [ 9.01021315 10.99200791 14.97682006]
 [ 9.78294788 10.06102319  0.4756055 ]
 [ 6.73419914  1.80953132  6.14570035]
 [ 1.27173597  3.41472998 15.31983154]
 [ 4.30871221  4.9448923  12.26038061]
 [ 3.64358283  2.69613768 17.84645958]
 [14.43765425 12.34147433 10.18251172]
 [ 3.71202201 13.65661961 17.27170908]]
[[13.21738621  2.12053639  1.91951848]
 [16.41523659  3.76257364  5.34883856]
 [ 9.01015343 10.99193842 14.97674456]
 [ 9.78298827 10.06105121  0.47560519]
 [ 6.73419015  1.80953673  6.14570922]
 [ 1.27173954  3.41470165 15.31969983]
 [ 4.30867078  4.94484469 12.26025584]
 [ 3.64354687  2.69611698 17.84626687]
 [14.43767166 12.341485   10.18252406]
 [ 3.71202142 13.65657899 17.27165571]]
[[13.21737398  2.12053659  1.9195179 ]
 [16.41525484  3.7625792   5.34884736]
 [ 9.01009217 10.99186724 14.97666702]
 [ 9.78302941 10.06107986  0.47560481]
 [ 6.73418091  1.80954212  6.14571812]
 [ 1.27174301  3.41467261 15.31956491]
 [ 4.30862816  4.94479574 12.26012801]
 [ 3.64350991  2.69609573 17.8460694 ]
 [14.43768934 12.34149588 10.18253653]
 [ 3.71202058 13.65653723 17.27160096]]
[[13.21736145  2.12053676  1.91951729]
 [16.41527351  3.76258488  5.34885613]
 [ 9.01002939 10.99179436 14.97658745]
 [ 9.7830713  10.06110914  0.47560436]
 [ 6.73417144  1.80954747  6.14572705]
 [ 1.2717464   3.41464288 15.3194268 ]
 [ 4.30858434  4.94474546 12.25999713]
 [ 3.64347196  2.69607392 17.84586719]
 [14.43770729 12.34150696 10.18254913]
 [ 3.7120195  13.65649433 17.27154482]]
[[13.2173486   2.12053689  1.91951664]
 [16.4152926   3.76259069  5.34886488]
 [ 9.00996507 10.99171978 14.97650586]
 [ 9.78311393 10.06113905  0.47560385]
 [ 6.73416172  1.80955278  6.14573601]
 [ 1.27174971  3.41461244 15.31928549]
 [ 4.30853934  4.94469384 12.25986318]
 [ 3.64343302  2.69605156 17.84566023]
 [14.43772551 12.34151825 10.18256186]
 [ 3.71201817 13.6564503  17.2714873 ]]
[[13.21733544  2.12053699  1.91951595]
 [16.41531212  3.76259663  5.34887361]
 [ 9.00989922 10.9916435  14.97642223]
 [ 9.78315732 10.0611696   0.47560327]
 [ 6.73415177  1.80955807  6.14574499]
 [ 1.27175292  3.4145813  15.31914098]
 [ 4.30849316  4.94464089 12.25972617]
 [ 3.64339307  2.69602863 17.84544852]
 [14.437744   12.34152974 10.18257472]
 [ 3.71201661 13.65640514 17.27142839]]
[[13.21732196  2.12053707  1.91951523]
 [16.41533205  3.76260269  5.34888232]
 [ 9.00983184 10.99156552 14.97633657]
 [ 9.78320145 10.06120077  0.47560263]
 [ 6.73414157  1.80956332  6.145754  ]
 [ 1.27175606  3.41454947 15.31899326]
 [ 4.30844578  4.9445866  12.25958611]
 [ 3.64335214  2.69600515 17.84523206]
 [14.43776277 12.34154144 10.1825877 ]
 [ 3.7120148  13.65635884 17.27136811]]
[[13.21730818  2.1205371   1.91951446]
 [16.41535241  3.76260888  5.348891  ]
 [ 9.00976293 10.99148584 14.97624887]
 [ 9.78324633 10.06123258  0.47560192]
 [ 6.73413114  1.80956854  6.14576304]
 [ 1.2717591   3.41451693 15.31884235]
 [ 4.30839721  4.94453098 12.25944298]
 [ 3.6433102   2.69598111 17.84501085]
 [14.43778181 12.34155334 10.18260082]
 [ 3.71201275 13.6563114  17.27130644]]
[[13.21729408  2.12053711  1.91951365]
 [16.41537319  3.76261519  5.34889967]
 [ 9.00969249 10.99140446 14.97615915]
 [ 9.78329197 10.06126502  0.47560114]
 [ 6.73412046  1.80957372  6.14577211]
 [ 1.27176206  3.4144837  15.31868824]
 [ 4.30834746  4.94447403 12.2592968 ]
 [ 3.64326727  2.69595652 17.84478489]
 [14.43780112 12.34156546 10.18261406]
 [ 3.71201046 13.65626284 17.27124339]]
[[13.21727967  2.12053709  1.91951281]
 [16.41539439  3.76262163  5.34890832]
 [ 9.00962052 10.99132139 14.97606739]
 [ 9.78333835 10.06129809  0.47560029]
 [ 6.73410955  1.80957888  6.14578121]
 [ 1.27176494  3.41444976 15.31853093]
 [ 4.30829651  4.94441574 12.25914755]
 [ 3.64322335  2.69593136 17.84455418]
 [14.4378207  12.34157777 10.18262743]
 [ 3.71200793 13.65621314 17.27117895]]
