[[22.956807    8.34786526 28.90714163]
 [ 2.87042624  7.68894138 19.72452494]
 [ 3.56572055 27.56215547 44.62838248]
 ...
 [48.31942356 28.95190685 26.25631893]
 [49.66646937 38.27937778 15.82182027]
 [ 2.24588686 26.99782219 10.14244674]]
[[22.95666643  8.3478562  28.90695255]
 [ 2.86994345  7.68667335 19.71864686]
 [ 3.56586903 27.56491142 44.63246362]
 ...
 [48.3360014  28.96182916 26.26503165]
 [49.66852444 38.28101505 15.82249451]
 [ 2.24521671 26.99469249 10.1414219 ]]
[[22.9564237   8.34781031 28.9066229 ]
 [ 2.86928613  7.68348744 19.71036645]
 [ 3.56605587 27.56894895 44.63847014]
 ...
 [48.36059232 28.97653555 26.27795895]
 [49.67158896 38.283466   15.82345833]
 [ 2.24419875 26.98996018 10.13987485]]
[[22.95608936  8.34773135 28.90616854]
 [ 2.8685025   7.67955317 19.70006246]
 [ 3.56632207 27.57467963 44.64704381]
 ...
 [48.39295943 28.99588313 26.29497433]
 [49.67573836 38.28678993 15.82473542]
 [ 2.2428334  26.98365559 10.13781725]]
[[22.95571409  8.34763594 28.90564974]
 [ 2.86762054  7.67494952 19.68792072]
 [ 3.56660514 27.58148953 44.65721623]
 ...
 [48.43356969 29.02015276 26.31634022]
 [49.68085668 38.2908965  15.82628831]
 [ 2.24112534 26.97583942 10.13526913]]
