[[4.52274269e+00 1.46550547e+01 1.46961062e+01]
 [1.38546278e+01 4.68962493e+00 1.21247366e+01]
 [6.46460671e+00 1.63082928e+01 1.86736235e+01]
 [5.84773063e-01 8.63135974e+00 9.36542699e+00]
 [4.64151873e+00 4.79998432e-01 1.48092925e+01]
 [8.46225939e-01 4.17391890e+00 1.99447567e+01]
 [1.43229914e+03 1.47992470e+03 2.28887834e+03]
 [1.22069420e+01 4.62772449e+00 1.16187964e+01]
 [7.93943309e+00 2.75055194e-01 5.72533671e+00]
 [1.29521598e+01 1.83162862e+01 4.06654196e+00]
 [1.11216708e+01 5.76066167e-01 1.91561329e+01]
 [8.57635983e-01 1.60562144e+01 6.92049648e+00]
 [4.85510084e+00 1.62965287e+01 1.71095473e+01]
 [1.93386216e+01 6.73943612e+00 1.14408207e+01]
 [1.18165796e+01 5.45652523e+00 3.25727482e+00]
 [9.89674887e-02 9.09831872e+00 1.20915962e+01]
 [1.32417383e+01 1.96059519e+01 1.59218105e+01]
 [6.76134745e-01 4.93832059e+00 5.49740343e+00]
 [8.12410451e+00 1.04312490e+01 1.63753678e+00]
 [4.93777317e+00 1.14525408e+01 7.69302444e-01]
 [5.19576511e+00 8.27857088e+00 3.97840435e+00]
 [4.24076294e+00 5.53968162e+00 1.15384091e+01]
 [1.60507005e+01 4.15794301e-01 7.85683168e+00]
 [1.47780225e+00 7.33322498e+00 7.02087720e+00]
 [1.90020603e+01 1.06101753e+01 4.14453458e+00]
 [1.75922317e+01 1.93203825e+00 1.52204907e+01]
 [1.70547832e+01 2.86222669e-01 3.22746127e+00]
 [7.38161571e+00 1.88193053e+01 5.94316775e+00]
 [1.58851483e+01 1.05973292e+01 2.95656195e+00]
 [1.18613477e+01 4.09646494e+00 4.94757890e-01]
 [9.01558783e+00 5.16514935e+00 1.11491723e+01]
 [7.54052957e+00 4.97555777e+00 1.45740260e+01]
 [1.07277073e+01 1.81790943e-01 5.80196216e+00]
 [8.80909057e+00 1.50173329e+01 3.61589777e+00]
 [8.10779360e-01 1.53249486e+01 1.78505828e+00]
 [8.18994026e+00 1.47792536e+01 8.37618701e+00]
 [7.79830015e+00 4.33325489e+00 1.08231357e+01]
 [1.56654239e+01 1.13940292e+01 1.34841010e+01]
 [5.65145531e+00 5.97187873e+00 1.69721482e-01]
 [3.90111367e+00 1.18160475e+01 7.06335992e+00]
 [1.72132037e+01 1.09890887e+01 6.40695420e+00]
 [6.98294550e+00 2.02376218e+00 1.11754255e+01]
 [1.87401802e+00 1.23531187e+01 1.90715102e+01]
 [3.05540798e+00 1.70130809e+01 1.53469271e+01]
 [1.68695099e+01 1.29744712e+00 1.02624533e+01]
 [3.94418816e-01 1.87990326e+01 1.81478396e+01]
 [1.74395001e+01 6.98021250e+00 1.24594088e+01]
 [1.55856286e+01 4.83449991e-02 1.49447412e+00]
 [3.43551953e+04 3.18203965e+04 1.45421467e+04]
 [8.14768710e-01 9.04497937e+00 1.99110035e+01]
 [1.63768028e+01 5.41489285e+00 1.60312206e+01]
 [1.00865312e+01 1.32659680e+01 1.84504612e+01]
 [9.24661139e+00 1.31801981e+01 4.13332625e-01]
 [1.35252320e+01 6.38085470e+00 1.98804356e+01]
 [3.15498035e+00 9.73670651e+00 1.18143418e+01]
 [1.92200615e+01 1.23184906e+01 7.09416516e-01]
 [1.95654277e+01 4.10300330e+00 6.13163537e+00]
 [7.64945957e+00 1.80245512e+01 1.10400288e+01]
 [1.99867990e+01 3.90140151e+00 1.03606307e+01]
 [1.05610755e+01 5.18348890e+00 1.86388224e+01]
 [7.13253162e+00 3.43026065e+00 2.48873145e+00]
 [4.52992670e-01 1.47307476e+01 3.64777394e+00]
 [6.83041244e+00 3.63699204e+00 1.14831302e+01]
 [1.41609150e+01 7.77040440e+00 6.30971982e+00]
 [1.26288109e+01 4.86882876e+00 1.54204831e+01]
 [1.69030162e+01 3.78461606e+00 5.26217978e+00]
 [1.75400657e+01 5.63286776e+00 1.73157080e+01]
 [2.24582734e-01 8.64675082e+00 1.79513548e+01]
 [1.03671708e+00 4.57476742e+00 8.96768663e+00]
 [5.47188000e+00 5.84805952e+00 1.49981372e+01]
 [1.93975283e+01 7.07804696e+00 6.64943032e+00]
 [4.86748897e+00 9.05950895e+00 9.87932168e+00]
 [7.91966603e+00 6.66021964e+00 1.07232509e+01]
 [4.19212728e+00 1.28997362e+01 4.38713712e+00]
 [4.85144059e+00 5.68101172e+00 7.79965181e+00]
 [7.83935189e+01 1.29932579e+02 5.98979153e+01]
 [1.45272374e+01 1.36641728e+01 9.82392517e+00]
 [1.18370750e+01 1.73442705e+01 1.51042591e+01]
 [1.68116240e+00 8.00864339e+00 8.86246010e+00]
 [5.70584187e+00 3.12891895e-01 1.79021218e+01]
 [8.25304457e+00 3.25819797e-01 9.05317696e+00]
 [1.91253620e+01 3.17085828e+00 7.82950290e+00]
 [1.02670022e+01 1.86649155e+01 1.50798732e+01]
 [6.18764383e-01 8.77459467e+00 6.99407259e-01]
 [1.03297875e+01 1.93554618e+01 1.06923175e+01]
 [1.47326281e+01 1.43518081e+01 1.37962250e+00]
 [1.32881589e+03 1.60715656e+03 2.43705545e+03]
 [1.16018129e+01 8.98863250e+00 1.82543167e+01]
 [1.97001591e+01 1.60243352e+01 1.92707807e+01]
 [1.10614018e+01 1.06623161e+01 9.47278015e+00]
 [8.52409551e+00 2.02155576e+00 1.03717248e+00]
 [1.17099780e+01 1.70188348e+01 1.39662852e+01]
 [1.36413503e+01 1.26250624e+01 1.97523855e+01]
 [1.90712043e+01 4.15584651e+00 5.82615031e+00]
 [3.77146296e+01 1.35815712e+02 9.53708874e+01]
 [3.35777021e+04 3.26947165e+04 1.59115122e+04]
 [1.23904626e+01 1.90858986e+01 1.60015865e+01]
 [1.26312003e+01 1.70342337e+01 1.26922955e+00]
 [1.02517476e+01 5.43120394e+00 1.33762350e+01]
 [1.81480496e+01 1.60862669e+01 5.69553855e+00]]
[[4.52282940e+00 1.46554497e+01 1.46963922e+01]
 [1.38524322e+01 4.68905689e+00 1.21230115e+01]
 [6.46623577e+00 1.63118301e+01 1.86777534e+01]
 [5.94659666e-01 8.58983459e+00 9.32218138e+00]
 [4.64062721e+00 4.80109517e-01 1.48062293e+01]
 [8.46176862e-01 4.17360469e+00 1.99426594e+01]
 [2.85756782e+03 2.95175893e+03 4.56547168e+03]
 [1.22030556e+01 4.62612831e+00 1.16148368e+01]
 [7.93949185e+00 2.75180223e-01 5.72524228e+00]
 [1.29520847e+01 1.83162103e+01 4.06660469e+00]
 [1.11229958e+01 5.76209067e-01 1.91583948e+01]
 [8.57644862e-01 1.60538601e+01 6.91946873e+00]
 [4.85573845e+00 1.62988555e+01 1.71120759e+01]
 [1.93381982e+01 6.73930204e+00 1.14405988e+01]
 [1.18181565e+01 5.45721815e+00 3.25770022e+00]
 [9.90272212e-02 9.09799738e+00 1.20911379e+01]
 [1.32401045e+01 1.96042793e+01 1.59210802e+01]
 [6.76158732e-01 4.93845146e+00 5.49754519e+00]
 [8.12385446e+00 1.04309448e+01 1.63757760e+00]
 [4.93775537e+00 1.14524088e+01 7.69311068e-01]
 [5.19499729e+00 8.27746204e+00 3.97774171e+00]
 [4.24143200e+00 5.54054286e+00 1.15402168e+01]
 [1.60531100e+01 4.15784816e-01 7.85789546e+00]
 [1.47844945e+00 7.33606049e+00 7.02394634e+00]
 [1.90021315e+01 1.06103796e+01 4.14479540e+00]
 [1.75919704e+01 1.93201300e+00 1.52202688e+01]
 [1.70556634e+01 2.86246380e-01 3.22774565e+00]
 [7.38143591e+00 1.88191248e+01 5.94310358e+00]
 [1.58852440e+01 1.05973876e+01 2.95657196e+00]
 [1.18611590e+01 4.09645736e+00 4.94803601e-01]
 [9.00041010e+00 5.15630306e+00 1.11334363e+01]
 [7.53773951e+00 4.97403650e+00 1.45691758e+01]
 [1.07276952e+01 1.81864220e-01 5.80195129e+00]
 [8.80949851e+00 1.50179923e+01 3.61613174e+00]
 [8.10742533e-01 1.53231064e+01 1.78501351e+00]
 [8.19214938e+00 1.47828535e+01 8.37835033e+00]
 [7.79041976e+00 4.32925290e+00 1.08089956e+01]
 [1.56654562e+01 1.13940387e+01 1.34840666e+01]
 [5.65132592e+00 5.97175696e+00 1.69797296e-01]
 [3.89985382e+00 1.18123995e+01 7.06106795e+00]
 [1.72136549e+01 1.09895704e+01 6.40705910e+00]
 [6.98307213e+00 2.02385109e+00 1.11755877e+01]
 [1.87370660e+00 1.23510561e+01 1.90685184e+01]
 [3.05636650e+00 1.70179296e+01 1.53511236e+01]
 [1.68698980e+01 1.29755071e+00 1.02627830e+01]
 [3.94432255e-01 1.87990418e+01 1.81479103e+01]
 [1.74393013e+01 6.98010784e+00 1.24592973e+01]
 [1.55857987e+01 4.84224818e-02 1.49451745e+00]
 [6.86926618e+04 6.36237756e+04 2.90761480e+04]
 [8.14382799e-01 9.04102379e+00 1.99017595e+01]
 [1.63799107e+01 5.41603146e+00 1.60342233e+01]
 [1.00869169e+01 1.32665550e+01 1.84513082e+01]
 [9.24586343e+00 1.31791007e+01 4.13355330e-01]
 [1.35261531e+01 6.38126076e+00 1.98816045e+01]
 [3.15453838e+00 9.73523738e+00 1.18124959e+01]
 [1.92213712e+01 1.23194277e+01 7.09330964e-01]
 [3.49736085e+00 5.01208283e+00 7.28277419e+00]
 [7.64951842e+00 1.80248251e+01 1.10402253e+01]
 [1.99863657e+01 3.90139020e+00 1.03604093e+01]
 [1.05630464e+01 5.18446968e+00 1.86421791e+01]
 [7.13228292e+00 3.43014468e+00 2.48871912e+00]
 [4.53053373e-01 1.47293883e+01 3.64746905e+00]
 [6.82971395e+00 3.63663482e+00 1.14816134e+01]
 [1.41609983e+01 7.77042093e+00 6.30988690e+00]
 [1.26284435e+01 4.86871577e+00 1.54200763e+01]
 [1.69032681e+01 3.78468590e+00 5.26231180e+00]
 [1.75413789e+01 5.63323059e+00 1.73169475e+01]
 [2.24786419e-01 8.64324807e+00 1.79443552e+01]
 [1.03702896e+00 4.57564952e+00 8.96949207e+00]
 [5.47052657e+00 5.84631189e+00 1.49938110e+01]
 [1.93969912e+01 7.07768185e+00 6.64926614e+00]
 [4.86670379e+00 9.05831236e+00 9.87787773e+00]
 [7.91831354e+00 6.65881489e+00 1.07213767e+01]
 [4.19082870e+00 1.28957166e+01 4.38604420e+00]
 [4.85179447e+00 5.68138624e+00 7.80022001e+00]
 [1.52287325e+02 2.50516564e+02 1.13626727e+02]
 [1.45271699e+01 1.36641269e+01 9.82373999e+00]
 [1.18390663e+01 1.73461111e+01 1.51054431e+01]
 [1.66229694e+00 7.98339695e+00 8.83241459e+00]
 [5.70475373e+00 3.12944151e-01 1.78986321e+01]
 [8.25478797e+00 3.25849490e-01 9.05506320e+00]
 [1.91261706e+01 3.17098637e+00 7.82990699e+00]
 [1.02689690e+01 1.86692061e+01 1.50832231e+01]
 [6.18773233e-01 8.77579764e+00 6.99521886e-01]
 [1.03302944e+01 1.93560475e+01 1.06926653e+01]
 [1.47330494e+01 1.43520918e+01 1.37967294e+00]
 [2.65039510e+03 3.20647618e+03 4.86212118e+03]
 [1.16030909e+01 8.98970891e+00 1.82562718e+01]
 [1.97003982e+01 1.60244912e+01 1.92710319e+01]
 [1.10612250e+01 1.06621549e+01 9.47277303e+00]
 [8.52372892e+00 2.02159570e+00 1.03722281e+00]
 [1.17091350e+01 1.70174775e+01 1.39658345e+01]
 [1.36417594e+01 1.26253440e+01 1.97528359e+01]
 [3.42985252e+00 5.01916029e+00 7.24104119e+00]
 [7.04202269e+01 2.62356520e+02 1.85016827e+02]
 [6.71375018e+04 6.53726109e+04 3.18151851e+04]
 [1.23924353e+01 1.90885628e+01 1.60030513e+01]
 [1.26319356e+01 1.70352208e+01 1.26940375e+00]
 [1.02500937e+01 5.43041944e+00 1.33743063e+01]
 [1.81472972e+01 1.60855614e+01 5.69548993e+00]]
[[4.52296488e+00 1.46560409e+01 1.46968419e+01]
 [1.38491664e+01 4.68818071e+00 1.21204306e+01]
 [6.46868667e+00 1.63172210e+01 1.86840207e+01]
 [6.12157506e-01 8.51887520e+00 9.24842107e+00]
 [4.63918184e+00 4.80248364e-01 1.48014142e+01]
 [8.46094126e-01 4.17309160e+00 1.99394359e+01]
 [4.28283649e+03 4.42359316e+03 6.84206502e+03]
 [1.21971953e+01 4.62372402e+00 1.16088950e+01]
 [7.93946302e+00 2.75328461e-01 5.72505845e+00]
 [1.29519912e+01 1.83160772e+01 4.06665440e+00]
 [1.11250141e+01 5.76380529e-01 1.91618017e+01]
 [8.57614799e-01 1.60502356e+01 6.91788954e+00]
 [4.85665767e+00 1.63022570e+01 1.71157742e+01]
 [1.93376086e+01 6.73910499e+00 1.14402871e+01]
 [1.18205048e+01 5.45823783e+00 3.25832799e+00]
 [9.90967157e-02 9.09748258e+00 1.20904122e+01]
 [1.32376270e+01 1.96018139e+01 1.59200790e+01]
 [6.76200011e-01 4.93852603e+00 5.49761403e+00]
 [8.12345501e+00 1.04304630e+01 1.63759421e+00]
 [4.93769641e+00 1.14521789e+01 7.69320351e-01]
 [5.19356872e+00 8.27536982e+00 3.97662492e+00]
 [4.24251157e+00 5.54195460e+00 1.15432031e+01]
 [1.60563718e+01 4.15768878e-01 7.85930527e+00]
 [1.47944656e+00 7.34098896e+00 7.02904736e+00]
 [1.90020722e+01 1.06105664e+01 4.14514947e+00]
 [1.75915926e+01 1.93197615e+00 1.52199480e+01]
 [1.70567607e+01 2.86271713e-01 3.22809717e+00]
 [7.38110457e+00 1.88187333e+01 5.94295335e+00]
 [1.58853411e+01 1.05974462e+01 2.95658350e+00]
 [1.18608610e+01 4.09641559e+00 4.94838284e-01]
 [8.97703351e+00 5.14266354e+00 1.11092269e+01]
 [7.53333217e+00 4.97160539e+00 1.45614711e+01]
 [1.07276326e+01 1.81940434e-01 5.80191401e+00]
 [8.81010171e+00 1.50189623e+01 3.61644665e+00]
 [8.10674661e-01 1.53202823e+01 1.78492634e+00]
 [8.19553700e+00 1.47884091e+01 8.38163446e+00]
 [7.77827237e+00 4.32309940e+00 1.07871622e+01]
 [1.56654652e+01 1.13940362e+01 1.34840084e+01]
 [5.65108810e+00 5.97152404e+00 1.69886918e-01]
 [3.89792188e+00 1.18067578e+01 7.05752065e+00]
 [1.72141699e+01 1.09901432e+01 6.40713026e+00]
 [6.98328885e+00 2.02395108e+00 1.11758425e+01]
 [1.87319606e+00 1.23478557e+01 1.90639113e+01]
 [3.05781627e+00 1.70253236e+01 1.53575156e+01]
 [1.68705567e+01 1.29769372e+00 1.02633176e+01]
 [3.94405558e-01 1.87989449e+01 1.81479214e+01]
 [1.74390190e+01 6.97996133e+00 1.24591161e+01]
 [1.55860567e+01 4.85012547e-02 1.49455352e+00]
 [1.03030128e+05 9.54271546e+04 4.36101493e+04]
 [8.13760218e-01 9.03499344e+00 1.98877387e+01]
 [1.63845595e+01 5.41770676e+00 1.60387107e+01]
 [1.00874598e+01 1.32673879e+01 1.84525008e+01]
 [9.24465405e+00 1.31773786e+01 4.13379467e-01]
 [1.35274737e+01 6.38181630e+00 1.98833207e+01]
 [3.15380747e+00 9.73285615e+00 1.18095302e+01]
 [1.92233930e+01 1.23208420e+01 7.09194109e-01]
 [1.83932603e+12 2.69654749e+12 3.88783874e+12]
 [7.64958052e+00 1.80251722e+01 1.10404664e+01]
 [1.99858288e+01 3.90136603e+00 1.03601443e+01]
 [1.05660179e+01 5.18593615e+00 1.86472934e+01]
 [7.13186005e+00 3.42995124e+00 2.48864708e+00]
 [4.53119073e-01 1.47273055e+01 3.64697783e+00]
 [6.82853856e+00 3.63605978e+00 1.14791684e+01]
 [1.41611684e+01 7.77049637e+00 6.31013814e+00]
 [1.26278110e+01 4.86852542e+00 1.54193880e+01]
 [1.69035279e+01 3.78474913e+00 5.26244527e+00]
 [1.75433060e+01 5.63376691e+00 1.73188083e+01]
 [2.25048863e-01 8.63791459e+00 1.79336800e+01]
 [1.03744052e+00 4.57731306e+00 8.97296562e+00]
 [5.46836502e+00 5.84352596e+00 1.49869465e+01]
 [1.93968140e+01 7.07741418e+00 6.64924181e+00]
 [4.86539600e+00 9.05624308e+00 9.87546630e+00]
 [7.91617747e+00 6.65662759e+00 1.07184294e+01]
 [4.18879164e+00 1.28894839e+01 4.38431435e+00]
 [4.85250887e+00 5.68213328e+00 7.80133177e+00]
 [2.26181129e+02 3.71100544e+02 1.67355537e+02]
 [1.45271663e+01 1.36641212e+01 9.82352446e+00]
 [1.18420884e+01 1.73489289e+01 1.51072773e+01]
 [1.62956531e+00 7.94109843e+00 8.78192906e+00]
 [5.70303935e+00 3.13025118e-01 1.78932753e+01]
 [8.25750826e+00 3.25861458e-01 9.05799144e+00]
 [1.91270389e+01 3.17111656e+00 7.83032934e+00]
 [1.02718417e+01 1.86755542e+01 1.50881662e+01]
 [6.18786596e-01 8.77766614e+00 6.99645116e-01]
 [1.03310399e+01 1.93569804e+01 1.06932078e+01]
 [1.47336238e+01 1.43524934e+01 1.37970159e+00]
 [3.97197431e+03 4.80579580e+03 7.28718690e+03]
 [1.16050725e+01 8.99133876e+00 1.82593002e+01]
 [1.97007178e+01 1.60247093e+01 1.92713626e+01]
 [1.10608398e+01 1.06617928e+01 9.47264430e+00]
 [8.52313937e+00 2.02160384e+00 1.03726209e+00]
 [1.17078612e+01 1.70154633e+01 1.39651642e+01]
 [1.36423668e+01 1.26257908e+01 1.97535460e+01]
 [1.88187006e+12 2.69208724e+12 3.91413905e+12]
 [1.03125833e+02 3.88897362e+02 2.74662791e+02]
 [1.00697301e+05 9.80505053e+04 4.77188579e+04]
 [1.23954755e+01 1.90925844e+01 1.60052197e+01]
 [1.26330390e+01 1.70367237e+01 1.26963984e+00]
 [1.02474383e+01 5.42914056e+00 1.33712140e+01]
 [1.81462820e+01 1.60846048e+01 5.69540662e+00]]
[[4.52314246e+00 1.46568054e+01 1.46974326e+01]
 [1.38448248e+01 4.68699306e+00 1.21169849e+01]
 [6.47193301e+00 1.63243987e+01 1.86923489e+01]
 [6.44270433e-01 8.40067865e+00 9.12606615e+00]
 [4.63723851e+00 4.80413806e-01 1.47950313e+01]
 [8.45979260e-01 4.17238971e+00 1.99351380e+01]
 [5.70810517e+03 5.89542738e+03 9.11865836e+03]
 [1.21894537e+01 4.62054882e+00 1.16010641e+01]
 [7.93942478e+00 2.75494838e-01 5.72483411e+00]
 [1.29518637e+01 1.83158650e+01 4.06668669e+00]
 [1.11276840e+01 5.76579694e-01 1.91662823e+01]
 [8.57548629e-01 1.60454207e+01 6.91579080e+00]
 [4.85787134e+00 1.63067762e+01 1.71206875e+01]
 [1.93368676e+01 6.73884993e+00 1.14398940e+01]
 [1.18235486e+01 5.45955164e+00 3.25914171e+00]
 [9.91750642e-02 9.09679507e+00 1.20894476e+01]
 [1.32342776e+01 1.95986046e+01 1.59189081e+01]
 [6.76247265e-01 4.93864417e+00 5.49770587e+00]
 [8.12291634e+00 1.04298167e+01 1.63758770e+00]
 [4.93759908e+00 1.14518580e+01 7.69330284e-01]
 [5.19167788e+00 8.27261625e+00 3.97516482e+00]
 [4.24391790e+00 5.54381027e+00 1.15471278e+01]
 [1.60603999e+01 4.15746258e-01 7.86102130e+00]
 [1.48076026e+00 7.34733102e+00 7.03562524e+00]
 [1.90018354e+01 1.06107100e+01 4.14558750e+00]
 [1.75911219e+01 1.93192992e+00 1.52195484e+01]
 [1.70580398e+01 2.86298775e-01 3.22851007e+00]
 [7.38065367e+00 1.88182135e+01 5.94274135e+00]
 [1.58854386e+01 1.05975045e+01 2.95659644e+00]
 [1.18604797e+01 4.09634783e+00 4.94861535e-01]
 [8.94447960e+00 5.12365563e+00 1.10755498e+01]
 [7.52741027e+00 4.96832738e+00 1.45511095e+01]
 [1.07275329e+01 1.82019079e-01 5.80185680e+00]
 [8.81088907e+00 1.50202238e+01 3.61683857e+00]
 [8.10577561e-01 1.53165286e+01 1.78480088e+00]
 [8.20003073e+00 1.47957890e+01 8.38596865e+00]
 [7.76150219e+00 4.31462343e+00 1.07568995e+01]
 [1.56654451e+01 1.13940176e+01 1.34839218e+01]
 [5.65075899e+00 5.97119752e+00 1.69987687e-01]
 [3.89538190e+00 1.17993303e+01 7.05282988e+00]
 [1.72146595e+01 1.09907509e+01 6.40713652e+00]
 [6.98356039e+00 2.02405585e+00 1.11761347e+01]
 [1.87249270e+00 1.23435630e+01 1.90577593e+01]
 [3.05974145e+00 1.70351695e+01 1.53660198e+01]
 [1.68715125e+01 1.29787770e+00 1.02640729e+01]
 [3.94339228e-01 1.87988038e+01 1.81479325e+01]
 [1.74386665e+01 6.97977817e+00 1.24588745e+01]
 [1.55864187e+01 4.85810009e-02 1.49458337e+00]
 [1.37367595e+05 1.27230534e+05 5.81441507e+04]
 [8.12902087e-01 9.02692086e+00 1.98690131e+01]
 [1.63907036e+01 5.41990453e+00 1.60446389e+01]
 [1.00881783e+01 1.32684912e+01 1.84540729e+01]
 [9.24303141e+00 1.31751004e+01 4.13404013e-01]
 [1.35292252e+01 6.38253556e+00 1.98856298e+01]
 [3.15281976e+00 9.72966721e+00 1.18055700e+01]
 [1.92261831e+01 1.23227692e+01 7.09006891e-01]
 [3.67865205e+12 5.39309498e+12 7.77567747e+12]
 [7.64965623e+00 1.80256169e+01 1.10407667e+01]
 [1.99852034e+01 3.90133175e+00 1.03598435e+01]
 [1.05699376e+01 5.18786395e+00 1.86540737e+01]
 [7.13129801e+00 3.42969431e+00 2.48852232e+00]
 [4.53190051e-01 1.47245300e+01 3.64630666e+00]
 [6.82694947e+00 3.63529444e+00 1.14758976e+01]
 [1.41615112e+01 7.77067596e+00 6.31050853e+00]
 [1.26269621e+01 4.86827522e+00 1.54184767e+01]
 [1.69037863e+01 3.78480389e+00 5.26257760e+00]
 [1.75458855e+01 5.63448851e+00 1.73213278e+01]
 [2.25370190e-01 8.63078902e+00 1.79194129e+01]
 [1.03796908e+00 4.57941779e+00 8.97734810e+00]
 [5.46545785e+00 5.83976584e+00 1.49777173e+01]
 [1.93970365e+01 7.07725799e+00 6.64937022e+00]
 [4.86365367e+00 9.05347012e+00 9.87226404e+00]
 [7.91330100e+00 6.65368267e+00 1.07144603e+01]
 [4.18606612e+00 1.28812002e+01 4.38199399e+00]
 [4.85337537e+00 5.68305354e+00 7.80273480e+00]
 [3.00074933e+02 4.91684524e+02 2.21084346e+02]
 [1.45271510e+01 1.36640854e+01 9.82322933e+00]
 [1.18461062e+01 1.73526758e+01 1.51097310e+01]
 [1.57235057e+00 7.87354137e+00 8.70056119e+00]
 [5.70073259e+00 3.13134076e-01 1.78861594e+01]
 [8.26104788e+00 3.25863873e-01 9.06179877e+00]
 [1.91279568e+01 3.17124734e+00 7.83076604e+00]
 [1.02756530e+01 1.86840182e+01 1.50947493e+01]
 [6.18802582e-01 8.78011617e+00 6.99778963e-01]
 [1.03320012e+01 1.93582174e+01 1.06939218e+01]
 [1.47343879e+01 1.43530485e+01 1.37971073e+00]
 [5.29355351e+03 6.40511542e+03 9.71225263e+03]
 [1.16077036e+01 8.99348084e+00 1.82633172e+01]
 [1.97011340e+01 1.60250024e+01 1.92717884e+01]
 [1.10603182e+01 1.06612978e+01 9.47245238e+00]
 [8.52236155e+00 2.02158632e+00 1.03729110e+00]
 [1.17061515e+01 1.70127829e+01 1.39642556e+01]
 [1.36431408e+01 1.26263736e+01 1.97544701e+01]
 [3.76374012e+12 5.38417449e+12 7.82827810e+12]
 [1.35831445e+02 5.15438224e+02 3.64308769e+02]
 [1.34257101e+05 1.30728400e+05 6.36225308e+04]
 [1.23997981e+01 1.90981977e+01 1.60082252e+01]
 [1.26344851e+01 1.70387081e+01 1.26993615e+00]
 [1.02438521e+01 5.42740235e+00 1.33670479e+01]
 [1.81449503e+01 1.60833493e+01 5.69527274e+00]]
[[4.52336215e+00 1.46577429e+01 1.46981641e+01]
 [1.38394942e+01 4.68551897e+00 1.21127423e+01]
 [6.47597243e+00 1.63333580e+01 1.87027322e+01]
 [7.27573188e-01 8.17339377e+00 8.89421013e+00]
 [4.63479650e+00 4.80605797e-01 1.47870780e+01]
 [8.45832260e-01 4.17149900e+00 1.99297655e+01]
 [7.13337384e+03 7.36726161e+03 1.13952517e+04]
 [1.21798802e+01 4.61662643e+00 1.15914004e+01]
 [7.93937529e+00 2.75679397e-01 5.72456818e+00]
 [1.29517019e+01 1.83155732e+01 4.06670146e+00]
 [1.11310042e+01 5.76806607e-01 1.91718347e+01]
 [8.57446513e-01 1.60394181e+01 6.91317341e+00]
 [4.85938067e+00 1.63124159e+01 1.71268188e+01]
 [1.93359750e+01 6.73853683e+00 1.14394194e+01]
 [1.18272891e+01 5.46116011e+00 3.26014163e+00]
 [9.92621047e-02 9.09594056e+00 1.20882533e+01]
 [1.32300729e+01 1.95948204e+01 1.59178015e+01]
 [6.76300031e-01 4.93880188e+00 5.49781616e+00]
 [8.12223818e+00 1.04290056e+01 1.63755803e+00]
 [4.93746328e+00 1.14514458e+01 7.69340868e-01]
 [5.18931874e+00 8.26919280e+00 3.97335813e+00]
 [4.24565306e+00 5.54611305e+00 1.15519969e+01]
 [1.60651959e+01 4.15716959e-01 7.86304421e+00]
 [1.48239463e+00 7.35504673e+00 7.04365240e+00]
 [1.90014202e+01 1.06108099e+01 4.14610932e+00]
 [1.75905583e+01 1.93187431e+00 1.52190699e+01]
 [1.70595013e+01 2.86327571e-01 3.22898441e+00]
 [7.38008434e+00 1.88175683e+01 5.94246827e+00]
 [1.58855365e+01 1.05975624e+01 2.95661075e+00]
 [1.18600146e+01 4.09625391e+00 4.94873366e-01]
 [8.90126614e+00 5.09839964e+00 1.10309211e+01]
 [7.51997182e+00 4.96420101e+00 1.45380867e+01]
 [1.07273960e+01 1.82100159e-01 5.80177949e+00]
 [8.81186048e+00 1.50217767e+01 3.61730748e+00]
 [8.10451219e-01 1.53118447e+01 1.78463705e+00]
 [8.20562682e+00 1.48049866e+01 8.39134952e+00]
 [7.73953220e+00 4.30355031e+00 1.07170085e+01]
 [1.56653958e+01 1.13939828e+01 1.34838066e+01]
 [5.65033806e+00 5.97077689e+00 1.70099667e-01]
 [3.89223457e+00 1.17901163e+01 7.04699443e+00]
 [1.72151227e+01 1.09913931e+01 6.40707745e+00]
 [6.98388577e+00 2.02416559e+00 1.11764625e+01]
 [1.87159708e+00 1.23381810e+01 1.90500667e+01]
 [3.06214158e+00 1.70474649e+01 1.53766338e+01]
 [1.68727656e+01 1.29810269e+00 1.02650488e+01]
 [3.94233135e-01 1.87986251e+01 1.81479499e+01]
 [1.74382436e+01 6.97955826e+00 1.24585725e+01]
 [1.55868843e+01 4.86617242e-02 1.49460699e+00]
 [1.71705061e+05 1.59033913e+05 7.26781520e+04]
 [8.11806194e-01 9.01679180e+00 1.98455504e+01]
 [1.63983422e+01 5.42262469e+00 1.60520071e+01]
 [1.00890734e+01 1.32698658e+01 1.84560261e+01]
 [9.24099453e+00 1.31722647e+01 4.13428959e-01]
 [1.35314098e+01 6.38341952e+00 1.98885349e+01]
 [3.15158138e+00 9.72568264e+00 1.18006310e+01]
 [1.92297414e+01 1.23252090e+01 7.08769311e-01]
 [5.51797808e+12 8.08964247e+12 1.16635162e+13]
 [7.64974629e+00 1.80261612e+01 1.10411272e+01]
 [1.99844895e+01 3.90128738e+00 1.03595069e+01]
 [1.05748018e+01 5.19025153e+00 1.86625136e+01]
 [7.13059605e+00 3.42937362e+00 2.48834466e+00]
 [4.53266313e-01 1.47210616e+01 3.64545540e+00]
 [6.82494361e+00 3.63433693e+00 1.14717956e+01]
 [1.41620258e+01 7.77095928e+00 6.31099777e+00]
 [1.26258964e+01 4.86796492e+00 1.54173416e+01]
 [1.69040436e+01 3.78485021e+00 5.26270883e+00]
 [1.75491192e+01 5.63539581e+00 1.73245079e+01]
 [2.25751170e-01 8.62186038e+00 1.79015340e+01]
 [1.03861899e+00 4.58197620e+00 8.98267891e+00]
 [5.46180572e+00 5.83503116e+00 1.49661235e+01]
 [1.93976586e+01 7.07721320e+00 6.64965129e+00]
 [4.86147843e+00 9.04999450e+00 9.86827204e+00]
 [7.90965725e+00 6.64994626e+00 1.07094285e+01]
 [4.18265134e+00 1.28708618e+01 4.37908202e+00]
 [4.85439817e+00 5.68415069e+00 7.80443448e+00]
 [3.73968736e+02 6.12268503e+02 2.74813155e+02]
 [1.45271226e+01 1.36640183e+01 9.82285379e+00]
 [1.18511258e+01 1.73573650e+01 1.51128291e+01]
 [1.44362107e+00 7.76605380e+00 8.56536942e+00]
 [5.69783296e+00 3.13270995e-01 1.78772823e+01]
 [8.26540964e+00 3.25856658e-01 9.06648780e+00]
 [1.91289244e+01 3.17137871e+00 7.83121711e+00]
 [1.02804043e+01 1.86945984e+01 1.51029730e+01]
 [6.18821351e-01 8.78315193e+00 6.99923271e-01]
 [1.03331766e+01 1.93597555e+01 1.06948058e+01]
 [1.47353420e+01 1.43537572e+01 1.37970036e+00]
 [6.61513272e+03 8.00443503e+03 1.21373184e+04]
 [1.16109813e+01 8.99613296e+00 1.82683184e+01]
 [1.97016470e+01 1.60253709e+01 1.92723097e+01]
 [1.10596596e+01 1.06606694e+01 9.47219682e+00]
 [8.52139467e+00 2.02154300e+00 1.03730982e+00]
 [1.17040158e+01 1.70094488e+01 1.39631046e+01]
 [1.36440797e+01 1.26270908e+01 1.97556061e+01]
 [5.64561017e+12 8.07626173e+12 1.17424172e+13]
 [1.68537061e+02 6.41979101e+02 4.53954758e+02]
 [1.67816901e+05 1.63406294e+05 7.95262037e+04]
 [1.24057289e+01 1.91057499e+01 1.60122596e+01]
 [1.26362732e+01 1.70411732e+01 1.27029269e+00]
 [1.02393311e+01 5.42520294e+00 1.33618025e+01]
 [1.81433011e+01 1.60817944e+01 5.69508813e+00]]
[[4.52362374e+00 1.46588522e+01 1.46990354e+01]
 [1.38332787e+01 4.68378865e+00 1.21077843e+01]
 [6.48080143e+00 1.63440913e+01 1.87151616e+01]
 [2.65269155e+00 9.13768496e+00 1.02229966e+01]
 [4.63185472e+00 4.80824227e-01 1.47775506e+01]
 [8.45653161e-01 4.17041952e+00 1.99233191e+01]
 [8.55864251e+03 8.83909583e+03 1.36718450e+04]
 [1.21685341e+01 4.61198511e+00 1.15799709e+01]
 [7.93931163e+00 2.75882224e-01 5.72425889e+00]
 [1.29515053e+01 1.83152011e+01 4.06669858e+00]
 [1.11349730e+01 5.77061334e-01 1.91784564e+01]
 [8.57308825e-01 1.60322339e+01 6.91003924e+00]
 [4.86118748e+00 1.63191801e+01 1.71341731e+01]
 [1.93349307e+01 6.73816563e+00 1.14388634e+01]
 [1.18317283e+01 5.46306414e+00 3.26132821e+00]
 [9.93576344e-02 9.09492903e+00 1.20868446e+01]
 [1.32251047e+01 1.95908258e+01 1.59172086e+01]
 [6.76357439e-01 4.93899155e+00 5.49793626e+00]
 [8.12142011e+00 1.04280291e+01 1.63750513e+00]
 [4.93728885e+00 1.14509418e+01 7.69352104e-01]
 [5.18648017e+00 8.26508359e+00 3.97119887e+00]
 [4.24772003e+00 5.54886768e+00 1.15578195e+01]
 [1.60707622e+01 4.15680998e-01 7.86537502e+00]
 [1.48427939e+00 7.36373954e+00 7.05287361e+00]
 [1.90008256e+01 1.06108658e+01 4.14671477e+00]
 [1.75899018e+01 1.93180927e+00 1.52185125e+01]
 [1.70611457e+01 2.86358110e-01 3.22952031e+00]
 [7.37939821e+00 1.88168017e+01 5.94213510e+00]
 [1.58856349e+01 1.05976200e+01 2.95662645e+00]
 [1.18594646e+01 4.09613350e+00 4.94873787e-01]
 [8.84501055e+00 5.06547511e+00 1.09729764e+01]
 [7.51101433e+00 4.95922429e+00 1.45223974e+01]
 [1.07272213e+01 1.82183684e-01 5.80168188e+00]
 [8.81301584e+00 1.50236208e+01 3.61785334e+00]
 [8.10295636e-01 1.53062298e+01 1.78443469e+00]
 [8.21232005e+00 1.48159933e+01 8.39777246e+00]
 [7.71146786e+00 4.28946034e+00 1.06655789e+01]
 [1.56653172e+01 1.13939317e+01 1.34836628e+01]
 [5.64982443e+00 5.97026132e+00 1.70222974e-01]
 [3.88848164e+00 1.17791162e+01 7.04001297e+00]
 [1.72155584e+01 1.09920691e+01 6.40695268e+00]
 [6.98426394e+00 2.02428055e+00 1.11768241e+01]
 [1.87051016e+00 1.23317145e+01 1.90408409e+01]
 [3.06501551e+00 1.70622045e+01 1.53893521e+01]
 [1.68743158e+01 1.29836874e+00 1.02662455e+01]
 [3.94087152e-01 1.87984187e+01 1.81479832e+01]
 [1.74377502e+01 6.97930147e+00 1.24582098e+01]
 [1.55874529e+01 4.87434299e-02 1.49462434e+00]
 [2.06042528e+05 1.90837292e+05 8.72121533e+04]
 [8.10469806e-01 9.00458888e+00 1.98173109e+01]
 [1.64074741e+01 5.42586713e+00 1.60608145e+01]
 [1.00901463e+01 1.32715134e+01 1.84583625e+01]
 [9.23854189e+00 1.31688694e+01 4.13454282e-01]
 [1.35340303e+01 6.38446943e+00 1.98920398e+01]
 [3.15010300e+00 9.72092379e+00 1.17947409e+01]
 [1.92340674e+01 1.23281610e+01 7.08481362e-01]
 [7.35730410e+12 1.07861900e+13 1.55513549e+13]
 [7.64985177e+00 1.80268078e+01 1.10415496e+01]
 [1.99836871e+01 3.90123291e+00 1.03591343e+01]
 [1.05806057e+01 5.19309694e+00 1.86726054e+01]
 [7.12975290e+00 3.42898866e+00 2.48811379e+00]
 [4.53347890e-01 1.47169001e+01 3.64442388e+00]
 [6.82251760e+00 3.63318495e+00 1.14668589e+01]
 [1.41627110e+01 7.77134557e+00 6.31160535e+00]
 [1.26246134e+01 4.86759420e+00 1.54159821e+01]
 [1.69042998e+01 3.78488812e+00 5.26283901e+00]
 [1.75530092e+01 5.63648929e+00 1.73283505e+01]
 [2.26192863e-01 8.61111578e+00 1.78800204e+01]
 [1.03939827e+00 4.58501197e+00 8.98903586e+00]
 [5.45740988e+00 5.82932163e+00 1.49521663e+01]
 [1.93986798e+01 7.07727964e+00 6.65008485e+00]
 [4.85887324e+00 9.04581785e+00 9.86349208e+00]
 [7.90521223e+00 6.64537580e+00 1.07032822e+01]
 [4.17854614e+00 1.28584634e+01 4.37557669e+00]
 [4.85558533e+00 5.68543165e+00 7.80644114e+00]
 [4.47862538e+02 7.32852482e+02 3.28541964e+02]
 [1.45270792e+01 1.36639185e+01 9.82239684e+00]
 [1.18571541e+01 1.73630120e+01 1.51166006e+01]
 [3.89787672e-02 1.06221252e+01 1.14206979e+01]
 [5.69433986e+00 3.13435796e-01 1.78666417e+01]
 [8.27059813e+00 3.25839687e-01 9.07206297e+00]
 [1.91299417e+01 3.17151067e+00 7.83168258e+00]
 [1.02860978e+01 1.87072963e+01 1.51128390e+01]
 [6.18843159e-01 8.78678046e+00 7.00077758e-01]
 [1.03345637e+01 1.93615904e+01 1.06958575e+01]
 [1.47364864e+01 1.43546199e+01 1.37967046e+00]
 [7.93671193e+03 9.60375465e+03 1.45623841e+04]
 [1.16149015e+01 8.99929227e+00 1.82742979e+01]
 [1.97022574e+01 1.60258151e+01 1.92729268e+01]
 [1.10588633e+01 1.06599065e+01 9.47187690e+00]
 [8.52023742e+00 2.02147365e+00 1.03731818e+00]
 [1.17014662e+01 1.70054762e+01 1.39617065e+01]
 [1.36451813e+01 1.26279405e+01 1.97569508e+01]
 [7.52748023e+12 1.07683490e+13 1.56565562e+13]
 [2.01242680e+02 7.68519991e+02 5.43600755e+02]
 [2.01376700e+05 1.96084188e+05 9.54298765e+04]
 [1.24138429e+01 1.91158818e+01 1.60177032e+01]
 [1.26384026e+01 1.70441180e+01 1.27070947e+00]
 [1.02338700e+01 5.42253977e+00 1.33554705e+01]
 [1.81413336e+01 1.60799394e+01 5.69485263e+00]]
[[4.52393722e+00 1.46601650e+01 1.47000781e+01]
 [1.38263126e+01 4.68184053e+00 1.21022170e+01]
 [6.48643562e+00 1.63566390e+01 1.87296834e+01]
 [4.57751670e+00 1.01004279e+01 1.15500493e+01]
 [4.62841163e+00 4.81071114e-01 1.47664394e+01]
 [8.45442121e-01 4.16914979e+00 1.99157871e+01]
 [9.98391118e+03 1.03109301e+04 1.59484384e+04]
 [1.21554728e+01 4.60665458e+00 1.15668436e+01]
 [7.93923604e+00 2.76103474e-01 5.72390779e+00]
 [1.29512768e+01 1.83147529e+01 4.06667860e+00]
 [1.11395956e+01 5.77343419e-01 1.91861564e+01]
 [8.57137229e-01 1.60238512e+01 6.90638415e+00]
 [4.86328212e+00 1.63270336e+01 1.71427143e+01]
 [1.93337318e+01 6.73773545e+00 1.14382244e+01]
 [1.18368689e+01 5.46526451e+00 3.26270142e+00]
 [9.94233848e-02 9.09212472e+00 1.20820750e+01]
 [1.32196671e+01 1.95874308e+01 1.59180362e+01]
 [6.76426495e-01 4.93924192e+00 5.49809892e+00]
 [8.12046200e+00 1.04268870e+01 1.63742913e+00]
 [4.93707614e+00 1.14503468e+01 7.69364056e-01]
 [5.18318715e+00 8.26031615e+00 3.96870001e+00]
 [4.25014439e+00 5.55209531e+00 1.15646707e+01]
 [1.60771053e+01 4.15637921e-01 7.86801637e+00]
 [1.48632166e+00 7.37353169e+00 7.06331915e+00]
 [1.90000563e+01 1.06108801e+01 4.14740448e+00]
 [1.75891486e+01 1.93173464e+00 1.52178730e+01]
 [1.70629742e+01 2.86390267e-01 3.23011777e+00]
 [7.37858616e+00 1.88158897e+01 5.94173610e+00]
 [1.58857337e+01 1.05976773e+01 2.95664355e+00]
 [1.18588300e+01 4.09598674e+00 4.94862970e-01]
 [8.77169853e+00 5.02247217e+00 1.08977846e+01]
 [7.50049452e+00 4.95337688e+00 1.45039609e+01]
 [1.07270088e+01 1.82269719e-01 5.80156395e+00]
 [8.81435709e+00 1.50257596e+01 3.61847649e+00]
 [8.10112087e-01 1.52996932e+01 1.78419493e+00]
 [8.22015233e+00 1.48288820e+01 8.40527271e+00]
 [7.67588257e+00 4.27170026e+00 1.05994337e+01]
 [1.56652113e+01 1.13938657e+01 1.34834920e+01]
 [5.64922031e+00 5.96965265e+00 1.70357471e-01]
 [3.88409336e+00 1.17662112e+01 7.03184285e+00]
 [1.72159819e+01 1.09927879e+01 6.40676658e+00]
 [6.98469423e+00 2.02440065e+00 1.11772179e+01]
 [1.86922807e+00 1.23241292e+01 1.90300261e+01]
 [3.06837801e+00 1.70794796e+01 1.54042546e+01]
 [1.68761606e+01 1.29867592e+00 1.02676618e+01]
 [3.93901337e-01 1.87981570e+01 1.81480062e+01]
 [1.74371827e+01 6.97900661e+00 1.24577843e+01]
 [1.55881244e+01 4.88261738e-02 1.49463550e+00]
 [2.40379994e+05 2.22640671e+05 1.01746155e+05]
 [8.08888904e-01 8.99026476e+00 1.97841823e+01]
 [1.64181087e+01 5.42963461e+00 1.60710699e+01]
 [1.00913860e+01 1.32734204e+01 1.84610626e+01]
 [9.23567097e+00 1.31649105e+01 4.13480932e-01]
 [1.35370804e+01 6.38568281e+00 1.98961351e+01]
 [3.14818504e+00 9.71484060e+00 1.17871517e+01]
 [1.92391558e+01 1.23316219e+01 7.08143318e-01]
 [9.19663013e+12 1.34827374e+13 1.94391937e+13]
 [7.64996662e+00 1.80275423e+01 1.10420259e+01]
 [1.99827942e+01 3.90116807e+00 1.03587250e+01]
 [1.05873612e+01 5.19640460e+00 1.86843697e+01]
 [7.12877086e+00 3.42854026e+00 2.48783031e+00]
 [4.53435647e-01 1.47120521e+01 3.64321370e+00]
 [6.81966264e+00 3.63183536e+00 1.14610802e+01]
 [1.41635534e+01 7.77182852e+00 6.31232678e+00]
 [1.26230987e+01 4.86715864e+00 1.54143812e+01]
 [1.69045556e+01 3.78491774e+00 5.26296829e+00]
 [1.75575486e+01 5.63776703e+00 1.73328494e+01]
 [2.26699019e-01 8.59850768e+00 1.78547690e+01]
 [1.04024738e+00 4.58842189e+00 8.99607935e+00]
 [5.45223464e+00 5.82260778e+00 1.49357456e+01]
 [1.94000947e+01 7.07745557e+00 6.65066938e+00]
 [4.85554149e+00 9.04056925e+00 9.85753397e+00]
 [7.89990269e+00 6.63990833e+00 1.06959351e+01]
 [4.17375220e+00 1.28439966e+01 4.37148014e+00]
 [4.85692644e+00 5.68688970e+00 7.80874518e+00]
 [5.21756340e+02 8.53436459e+02 3.82270773e+02]
 [1.45270471e+01 1.36638093e+01 9.82187412e+00]
 [1.18642220e+01 1.73696672e+01 1.51211062e+01]
 [1.86343710e+01 1.34748310e+01 1.42732447e+01]
 [5.69024905e+00 3.13629774e-01 1.78542221e+01]
 [8.27661422e+00 3.25811677e-01 9.07852493e+00]
 [1.91310096e+01 3.17164331e+00 7.83216277e+00]
 [1.02927163e+01 1.87220787e+01 1.51243216e+01]
 [6.18864499e-01 8.79097207e+00 7.00244280e-01]
 [1.03361712e+01 1.93637381e+01 1.06970853e+01]
 [1.47378172e+01 1.43556328e+01 1.37962113e+00]
 [9.25829113e+03 1.12030743e+04 1.69874498e+04]
 [1.16194858e+01 9.00297350e+00 1.82812884e+01]
 [1.97029607e+01 1.60263315e+01 1.92736355e+01]
 [1.10578947e+01 1.06589789e+01 9.47146708e+00]
 [8.51889187e+00 2.02137868e+00 1.03731643e+00]
 [1.16985247e+01 1.70008939e+01 1.39600658e+01]
 [1.36464571e+01 1.26289328e+01 1.97585207e+01]
 [9.40935029e+12 1.34604362e+13 1.95706953e+13]
 [2.33948301e+02 8.95060891e+02 6.33246760e+02]
 [2.34936500e+05 2.28762083e+05 1.11333549e+05]
 [1.24251858e+01 1.91298043e+01 1.60253165e+01]
 [1.26408758e+01 1.70475458e+01 1.27118631e+00]
 [1.02274384e+01 5.41940034e+00 1.33480141e+01]
 [1.81390579e+01 1.60777928e+01 5.69456882e+00]]
[[4.52431258e+00 1.46617223e+01 1.47013318e+01]
 [1.38187550e+01 4.67971980e+00 1.20961666e+01]
 [6.49289169e+00 1.63710512e+01 1.87463546e+01]
 [6.50100498e+00 1.10605128e+01 1.28741616e+01]
 [4.62447399e+00 4.81346895e-01 1.47537584e+01]
 [8.45200250e-01 4.16769093e+00 1.99071744e+01]
 [1.14091799e+04 1.17827643e+04 1.82250317e+04]
 [1.21407583e+01 4.60066742e+00 1.15520916e+01]
 [7.93915240e+00 2.76342955e-01 5.72351716e+00]
 [1.29510205e+01 1.83142346e+01 4.06664236e+00]
 [1.11448769e+01 5.77652160e-01 1.91949449e+01]
 [8.56936195e-01 1.60143148e+01 6.90222529e+00]
 [4.86565698e+00 1.63359399e+01 1.71524056e+01]
 [1.93323665e+01 6.73724286e+00 1.14374956e+01]
 [1.18427116e+01 5.46776152e+00 3.26426099e+00]
 [9.95012374e-02 9.08920010e+00 1.20771442e+01]
 [1.32145687e+01 1.95864852e+01 1.59222165e+01]
 [6.76509263e-01 4.93956609e+00 5.49831879e+00]
 [8.11936473e+00 1.04255801e+01 1.63733018e+00]
 [4.93682578e+00 1.14496618e+01 7.69376713e-01]
 [5.17948052e+00 8.25494115e+00 3.96587925e+00]
 [4.25289398e+00 5.55577642e+00 1.15724941e+01]
 [1.60842359e+01 4.15586968e-01 7.87097287e+00]
 [1.48846965e+00 7.38415794e+00 7.07476022e+00]
 [1.89991292e+01 1.06108619e+01 4.14818084e+00]
 [1.75882901e+01 1.93165009e+00 1.52171440e+01]
 [1.70649891e+01 2.86423842e-01 3.23077701e+00]
 [7.37764480e+00 1.88148188e+01 5.94126880e+00]
 [1.58858332e+01 1.05977344e+01 2.95666204e+00]
 [1.18581113e+01 4.09581375e+00 4.94841056e-01]
 [8.67385259e+00 4.96487118e+00 1.07981751e+01]
 [7.48837394e+00 4.94664168e+00 1.44826975e+01]
 [1.07267587e+01 1.82358302e-01 5.80142581e+00]
 [8.81588475e+00 1.50281946e+01 3.61917687e+00]
 [8.09902165e-01 1.52922542e+01 1.78391889e+00]
 [8.22916983e+00 1.48437420e+01 8.41388958e+00]
 [7.63039031e+00 4.24922576e+00 1.05128485e+01]
 [1.56650906e+01 1.13937937e+01 1.34833052e+01]
 [5.64852793e+00 5.96895274e+00 1.70502899e-01]
 [3.87913366e+00 1.17515392e+01 7.02255179e+00]
 [1.72164395e+01 1.09935782e+01 6.40653300e+00]
 [6.98517227e+00 2.02452557e+00 1.11776376e+01]
 [1.86775275e+00 1.23154117e+01 1.90175998e+01]
 [3.07223313e+00 1.70993489e+01 1.54213908e+01]
 [1.68782950e+01 1.29902436e+00 1.02692948e+01]
 [3.93677314e-01 1.87978409e+01 1.81480204e+01]
 [1.74365300e+01 6.97866980e+00 1.24572880e+01]
 [1.55888983e+01 4.89100315e-02 1.49464051e+00]
 [2.74717461e+05 2.54444050e+05 1.16280156e+05]
 [8.07062302e-01 8.97378859e+00 1.97460921e+01]
 [1.64302732e+01 5.43393450e+00 1.60828003e+01]
 [1.00927724e+01 1.32755600e+01 1.84640885e+01]
 [9.23238320e+00 1.31603885e+01 4.13509570e-01]
 [1.35405455e+01 6.38705383e+00 1.99007985e+01]
 [3.14610857e+00 9.70752305e+00 1.17779461e+01]
 [1.92449921e+01 1.23355824e+01 7.07755830e-01]
 [1.10359562e+13 1.61792849e+13 2.33270324e+13]
 [7.65008428e+00 1.80283477e+01 1.10425467e+01]
 [1.99818044e+01 3.90109197e+00 1.03582757e+01]
 [1.05950853e+01 5.20018092e+00 1.86978386e+01]
 [7.12765269e+00 3.42802932e+00 2.48749481e+00]
 [4.53530398e-01 1.47065330e+01 3.64182756e+00]
 [6.81638240e+00 3.63028854e+00 1.14544778e+01]
 [1.41645329e+01 7.77239808e+00 6.31315500e+00]
 [1.26213292e+01 4.86665135e+00 1.54125105e+01]
 [1.69048126e+01 3.78493929e+00 5.26309700e+00]
 [1.75627124e+01 5.63922237e+00 1.73379793e+01]
 [2.27275702e-01 8.58402083e+00 1.78257532e+01]
 [1.04114744e+00 4.59214118e+00 9.00363009e+00]
 [5.44626109e+00 5.81487216e+00 1.49167884e+01]
 [1.94018866e+01 7.07773563e+00 6.65140010e+00]
 [4.85151887e+00 9.03420703e+00 9.85038233e+00]
 [7.89366987e+00 6.63348684e+00 1.06873065e+01]
 [4.16829197e+00 1.28275132e+01 4.36680650e+00]
 [4.85838983e+00 5.68850239e+00 7.81131136e+00]
 [5.95650142e+02 9.74020437e+02 4.35999581e+02]
 [1.45271034e+01 1.36637653e+01 9.82133401e+00]
 [1.18723856e+01 1.73774239e+01 1.51264433e+01]
 [1.72298167e+01 1.63275708e+01 1.71258351e+01]
 [5.68556086e+00 3.13853766e-01 1.78400196e+01]
 [8.28345162e+00 3.25772314e-01 9.08586813e+00]
 [1.91321308e+01 3.17177686e+00 7.83265863e+00]
 [1.03002317e+01 1.87388884e+01 1.51373769e+01]
 [6.18883262e-01 8.79570504e+00 7.00424314e-01]
 [1.03380118e+01 1.93662246e+01 1.06985020e+01]
 [1.47393282e+01 1.43567897e+01 1.37955260e+00]
 [1.05798703e+04 1.28023939e+04 1.94125155e+04]
 [1.16247765e+01 9.00720726e+00 1.82893586e+01]
 [1.97037223e+01 1.60268915e+01 1.92744007e+01]
 [1.10566955e+01 1.06578347e+01 9.47092500e+00]
 [8.51736045e+00 2.02125845e+00 1.03730473e+00]
 [1.16952224e+01 1.69957458e+01 1.39581977e+01]
 [1.36479408e+01 1.26300990e+01 1.97603672e+01]
 [1.12912203e+13 1.61525235e+13 2.34848343e+13]
 [2.66653925e+02 1.02160180e+03 7.22892772e+02]
 [2.68496300e+05 2.61439977e+05 1.27237222e+05]
 [1.24418301e+01 1.91500117e+01 1.60367515e+01]
 [1.26436952e+01 1.70514606e+01 1.27172296e+00]
 [1.02199967e+01 5.41576889e+00 1.33393825e+01]
 [1.81365089e+01 1.60753860e+01 5.69424540e+00]]
[[4.52475962e+00 1.46635769e+01 1.47028469e+01]
 [1.38107666e+01 4.67747203e+00 1.20897593e+01]
 [6.50020076e+00 1.63874199e+01 1.87652799e+01]
 [8.42361473e+00 1.20191229e+01 1.41966618e+01]
 [4.62004925e+00 4.81651036e-01 1.47395277e+01]
 [8.44928202e-01 4.16604397e+00 1.98974858e+01]
 [1.28344485e+04 1.32545985e+04 2.05016250e+04]
 [1.21244664e+01 4.59406180e+00 1.15358026e+01]
 [7.93906438e+00 2.76600282e-01 5.72308934e+00]
 [1.29507379e+01 1.83136488e+01 4.06658992e+00]
 [1.11508196e+01 5.77986830e-01 1.92048269e+01]
 [8.56707455e-01 1.60036604e+01 6.89757578e+00]
 [4.86829985e+00 1.63458397e+01 1.71631868e+01]
 [1.93308354e+01 6.73668797e+00 1.14366777e+01]
 [1.18492522e+01 5.47055345e+00 3.26600577e+00]
 [9.95884632e-02 9.08617416e+00 1.20720790e+01]
 [1.32120565e+01 1.95925650e+01 1.59342837e+01]
 [6.76606161e-01 4.93996898e+00 5.49860118e+00]
 [8.11812951e+00 1.04241098e+01 1.63720835e+00]
 [4.93653822e+00 1.14488878e+01 7.69390048e-01]
 [5.17538887e+00 8.24899847e+00 3.96274957e+00]
 [4.25593381e+00 5.55988293e+00 1.15812009e+01]
 [1.60921547e+01 4.15527819e-01 7.87424447e+00]
 [1.49071154e+00 7.39553386e+00 7.08712218e+00]
 [1.89980421e+01 1.06108101e+01 4.14904327e+00]
 [1.75873234e+01 1.93155555e+00 1.52163232e+01]
 [1.70671892e+01 2.86458788e-01 3.23149774e+00]
 [7.37657374e+00 1.88135848e+01 5.94073327e+00]
 [1.58859335e+01 1.05977913e+01 2.95668193e+00]
 [1.18573097e+01 4.09561494e+00 4.94808095e-01]
 [8.53500643e+00 4.88262628e+00 1.06589414e+01]
 [7.47464547e+00 4.93901581e+00 1.44585839e+01]
 [1.07264716e+01 1.82449410e-01 5.80126774e+00]
 [8.81759784e+00 1.50309244e+01 3.61995399e+00]
 [8.09666544e-01 1.52839253e+01 1.78360728e+00]
 [8.23939960e+00 1.48606320e+01 8.42364426e+00]
 [7.57082458e+00 4.22042501e+00 1.03940433e+01]
 [1.56649545e+01 1.13937149e+01 1.34831010e+01]
 [5.64774874e+00 5.96816289e+00 1.70659043e-01]
 [3.87365804e+00 1.17352672e+01 7.01221443e+00]
 [1.72169338e+01 1.09944406e+01 6.40625177e+00]
 [6.98569154e+00 2.02465509e+00 1.11780731e+01]
 [1.86608639e+00 1.23055493e+01 1.90035401e+01]
 [3.07658523e+00 1.71218812e+01 1.54408185e+01]
 [1.68807183e+01 1.29941422e+00 1.02711444e+01]
 [3.93416470e-01 1.87974636e+01 1.81480198e+01]
 [1.74357905e+01 6.97829052e+00 1.24567203e+01]
 [1.55897750e+01 4.89950085e-02 1.49463946e+00]
 [3.09054927e+05 2.86247429e+05 1.30814157e+05]
 [8.04986920e-01 8.95512493e+00 1.97029574e+01]
 [1.64439772e+01 5.43876932e+00 1.60960140e+01]
 [1.00942655e+01 1.32778805e+01 1.84673656e+01]
 [9.22868267e+00 1.31553086e+01 4.13540369e-01]
 [1.35444126e+01 6.38857791e+00 1.99060109e+01]
 [3.14384376e+00 9.69945172e+00 1.17678175e+01]
 [1.92515763e+01 1.23400426e+01 7.07319184e-01]
 [1.28752822e+13 1.88758324e+13 2.72148712e+13]
 [7.65019660e+00 1.80292019e+01 1.10431008e+01]
 [1.99807174e+01 3.90100463e+00 1.03577866e+01]
 [1.06037957e+01 5.20443152e+00 1.87130448e+01]
 [7.12640059e+00 3.42745660e+00 2.48710771e+00]
 [4.53632339e-01 1.47003522e+01 3.64026706e+00]
 [6.81269437e+00 3.62854880e+00 1.14471052e+01]
 [1.41656448e+01 7.77305242e+00 6.31408929e+00]
 [1.26192850e+01 4.86606714e+00 1.54103467e+01]
 [1.69050706e+01 3.78495272e+00 5.26322509e+00]
 [1.75684935e+01 5.64085350e+00 1.73437347e+01]
 [2.27926402e-01 8.56763803e+00 1.77929448e+01]
 [1.04209404e+00 4.59614234e+00 9.01161864e+00]
 [5.43950747e+00 5.80612494e+00 1.48953241e+01]
 [1.94040556e+01 7.07811996e+00 6.65227721e+00]
 [4.84711636e+00 9.02716972e+00 9.84247834e+00]
 [7.88651037e+00 6.62610163e+00 1.06773871e+01]
 [4.16218439e+00 1.28090661e+01 4.36156846e+00]
 [4.85995500e+00 5.69025234e+00 7.81411305e+00]
 [6.69543944e+02 1.09460441e+03 4.89728389e+02]
 [1.45272858e+01 1.36638164e+01 9.82079570e+00]
 [1.18817283e+01 1.73864150e+01 1.51327413e+01]
 [1.58252650e+01 1.91803076e+01 1.99784283e+01]
 [5.68027674e+00 3.14108216e-01 1.78240358e+01]
 [8.29110034e+00 3.25722290e-01 9.09408248e+00]
 [1.91333053e+01 3.17191130e+00 7.83317010e+00]
 [1.03085985e+01 1.87576367e+01 1.51519370e+01]
 [6.18898797e-01 8.80096915e+00 7.00618524e-01]
 [1.03401008e+01 1.93690803e+01 1.07001220e+01]
 [1.47410194e+01 1.43580908e+01 1.37946523e+00]
 [1.19014495e+04 1.44017135e+04 2.18375812e+04]
 [1.16308378e+01 9.01203606e+00 1.82986076e+01]
 [1.97044829e+01 1.60274515e+01 1.92751664e+01]
 [1.10552072e+01 1.06564236e+01 9.47021202e+00]
 [8.51564532e+00 2.02111330e+00 1.03728316e+00]
 [1.16916000e+01 1.69900887e+01 1.39561261e+01]
 [1.36496779e+01 1.26314785e+01 1.97625568e+01]
 [1.31730904e+13 1.88446107e+13 2.73989734e+13]
 [2.99359551e+02 1.14814272e+03 8.12538788e+02]
 [3.02056099e+05 2.94117872e+05 1.43140895e+05]
 [1.24683876e+01 1.91822754e+01 1.60560109e+01]
 [1.26468602e+01 1.70558616e+01 1.27231907e+00]
 [1.02115126e+01 5.41163367e+00 1.33295344e+01]
 [1.81336898e+01 1.60727212e+01 5.69388293e+00]]
[[4.52527127e+00 1.46657136e+01 1.47046081e+01]
 [1.38025099e+01 4.67514386e+00 1.20831234e+01]
 [6.50839584e+00 1.64058555e+01 1.87865844e+01]
 [1.03457183e+01 1.29770306e+01 1.55184227e+01]
 [4.61514550e+00 4.81982366e-01 1.47237718e+01]
 [8.44626405e-01 4.16421061e+00 1.98867310e+01]
 [1.42597172e+04 1.47264327e+04 2.27782184e+04]
 [1.21066881e+01 4.58688082e+00 1.15180784e+01]
 [7.93897531e+00 2.76874997e-01 5.72262645e+00]
 [1.29504288e+01 1.83129951e+01 4.06652096e+00]
 [1.11574219e+01 5.78346848e-01 1.92158010e+01]
 [8.56451707e-01 1.59919196e+01 6.89244718e+00]
 [4.87120662e+00 1.63566943e+01 1.71750203e+01]
 [1.93291356e+01 6.73606997e+00 1.14357691e+01]
 [1.18564841e+01 5.47363772e+00 3.26793435e+00]
 [9.96839858e-02 9.08305503e+00 1.20668907e+01]
 [1.32192109e+01 1.96189532e+01 1.59668564e+01]
 [6.76717295e-01 4.94045259e+00 5.49894819e+00]
 [8.11675764e+00 1.04224776e+01 1.63706368e+00]
 [4.93621379e+00 1.14480255e+01 7.69404031e-01]
 [5.17092988e+00 8.24251475e+00 3.95931968e+00]
 [4.25924699e+00 5.56439823e+00 1.15907420e+01]
 [1.61008602e+01 4.15460254e-01 7.87783014e+00]
 [1.49304318e+00 7.40762579e+00 7.10037526e+00]
 [1.89967944e+01 1.06107243e+01 4.14999125e+00]
 [1.75862457e+01 1.93145103e+00 1.52154084e+01]
 [1.70695730e+01 2.86495085e-01 3.23227962e+00]
 [7.37538002e+00 1.88122036e+01 5.94013435e+00]
 [1.58860343e+01 1.05978480e+01 2.95670320e+00]
 [1.18564269e+01 4.09539079e+00 4.94764081e-01]
 [8.30581657e+00 4.74509394e+00 1.04386471e+01]
 [7.45934481e+00 4.93051337e+00 1.44316804e+01]
 [1.07261483e+01 1.82542990e-01 5.80109008e+00]
 [8.81949380e+00 1.50339451e+01 3.62080705e+00]
 [8.09405589e-01 1.52747168e+01 1.78326064e+00]
 [8.25080418e+00 1.48794943e+01 8.43450613e+00]
 [7.49259243e+00 4.18543418e+00 1.02139046e+01]
 [1.56648101e+01 1.13936337e+01 1.34828847e+01]
 [5.64688373e+00 5.96728405e+00 1.70825731e-01]
 [3.86769586e+00 1.17174928e+01 7.00087631e+00]
 [1.72174711e+01 1.09953786e+01 6.40592364e+00]
 [6.98624507e+00 2.02478905e+00 1.11785132e+01]
 [1.86423306e+00 1.22945564e+01 1.89878689e+01]
 [3.08142892e+00 1.71470736e+01 1.54625330e+01]
 [1.68834307e+01 1.29984574e+00 1.02732110e+01]
 [3.93119890e-01 1.87970347e+01 1.81480141e+01]
 [1.74349596e+01 6.97786728e+00 1.24560784e+01]
 [1.55907552e+01 4.90810915e-02 1.49463244e+00]
 [3.43392394e+05 3.18050808e+05 1.45348159e+05]
 [8.02657525e-01 8.93424244e+00 1.96547068e+01]
 [1.64592345e+01 5.44414233e+00 1.61107235e+01]
 [1.00957765e+01 1.32802671e+01 1.84707260e+01]
 [9.22457553e+00 1.31496788e+01 4.13573058e-01]
 [1.35486667e+01 6.39024995e+00 1.99117498e+01]
 [3.14141936e+00 9.69077364e+00 1.17569489e+01]
 [1.92589089e+01 1.23450026e+01 7.06833735e-01]
 [1.47146082e+13 2.15723799e+13 3.11027099e+13]
 [7.65030157e+00 1.80300967e+01 1.10436849e+01]
 [1.99795321e+01 3.90090594e+00 1.03572571e+01]
 [1.06135019e+01 5.20915847e+00 1.87300077e+01]
 [7.12501625e+00 3.42682266e+00 2.48666932e+00]
 [4.53741488e-01 1.46935167e+01 3.63853339e+00]
 [6.80862778e+00 3.62662504e+00 1.14390526e+01]
 [1.41668932e+01 7.77379345e+00 6.31513173e+00]
 [1.26169521e+01 4.86540281e+00 1.54078729e+01]
 [1.69053293e+01 3.78495799e+00 5.26335245e+00]
 [1.75748794e+01 5.64265730e+00 1.73501040e+01]
 [2.28652474e-01 8.54934302e+00 1.77563211e+01]
 [1.04308571e+00 4.60041221e+00 9.02001325e+00]
 [5.43201343e+00 5.79639533e+00 1.48714583e+01]
 [1.94065998e+01 7.07860799e+00 6.65330037e+00]
 [4.84240347e+00 9.01958802e+00 9.83395923e+00]
 [7.87849990e+00 6.61783568e+00 1.06662861e+01]
 [4.15544346e+00 1.27886980e+01 4.35577623e+00]
 [4.86161164e+00 5.69212946e+00 7.81713534e+00]
 [7.43437745e+02 1.21518839e+03 5.43457197e+02]
 [1.45276467e+01 1.36640096e+01 9.82028700e+00]
 [1.18923634e+01 1.73968163e+01 1.51401618e+01]
 [1.44206964e+01 2.03302310e+00 2.83100072e+00]
 [5.67440061e+00 3.14392860e-01 1.78062806e+01]
 [8.29954844e+00 3.25662908e-01 9.10315566e+00]
 [1.91345331e+01 3.17204657e+00 7.83369716e+00]
 [1.03177564e+01 1.87782067e+01 1.51679154e+01]
 [6.18910834e-01 8.80675875e+00 7.00827266e-01]
 [1.03424498e+01 1.93723296e+01 1.07019561e+01]
 [1.47428934e+01 1.43595382e+01 1.37935937e+00]
 [1.32230287e+04 1.60010331e+04 2.42626470e+04]
 [1.16377697e+01 9.01752438e+00 1.83091933e+01]
 [1.97052677e+01 1.60280317e+01 1.92759594e+01]
 [1.10534291e+01 1.06547424e+01 9.46932819e+00]
 [8.51374834e+00 2.02094348e+00 1.03725176e+00]
 [1.16877116e+01 1.69839993e+01 1.39538889e+01]
 [1.36517272e+01 1.26331210e+01 1.97651710e+01]
 [1.50549605e+13 2.15366980e+13 3.13131124e+13]
 [3.32065179e+02 1.27468364e+03 9.02184809e+02]
 [3.35615899e+05 3.26795766e+05 1.59044568e+05]
 [1.25171602e+01 1.92425651e+01 1.60946122e+01]
 [1.26503679e+01 1.70607451e+01 1.27297432e+00]
 [1.02019836e+01 5.40699291e+00 1.33184630e+01]
 [1.81306066e+01 1.60698032e+01 5.69348251e+00]]
[[4.52583575e+00 1.46680775e+01 1.47065632e+01]
 [1.37941518e+01 4.67278551e+00 1.20763934e+01]
 [6.51747829e+00 1.64263915e+01 1.88103038e+01]
 [1.22677459e+01 1.39348981e+01 1.68402251e+01]
 [4.60976829e+00 4.82339475e-01 1.47065073e+01]
 [8.44295048e-01 4.16219245e+00 1.98749199e+01]
 [1.56849859e+04 1.61982669e+04 2.50548117e+04]
 [1.20875192e+01 4.57916805e+00 1.14990243e+01]
 [7.93888091e+00 2.77166621e-01 5.72212388e+00]
 [1.29500914e+01 1.83122716e+01 4.06643503e+00]
 [1.11646797e+01 5.78732261e-01 1.92278618e+01]
 [8.56169165e-01 1.59791148e+01 6.88684757e+00]
 [4.87438895e+00 1.63685341e+01 1.71879392e+01]
 [1.93272609e+01 6.73538685e+00 1.14347663e+01]
 [1.18644368e+01 5.47703330e+00 3.27005666e+00]
 [9.97873370e-02 9.07984643e+00 1.20615845e+01]
 [1.32661400e+01 1.97186621e+01 1.60684787e+01]
 [6.76842746e-01 4.94101660e+00 5.49935931e+00]
 [8.11524942e+00 1.04206836e+01 1.63689602e+00]
 [4.93585257e+00 1.14470752e+01 7.69418617e-01]
 [5.16610973e+00 8.23549769e+00 3.95559093e+00]
 [4.26282740e+00 5.56931625e+00 1.16010985e+01]
 [1.61104068e+01 4.15384525e-01 7.88176008e+00]
 [1.49546326e+00 7.42042383e+00 7.11451135e+00]
 [1.89953973e+01 1.06106118e+01 4.15102723e+00]
 [1.75850518e+01 1.93133617e+00 1.52143947e+01]
 [1.70722209e+01 2.86530455e-01 3.23313774e+00]
 [7.37407525e+00 1.88107039e+01 5.93947937e+00]
 [1.58861360e+01 1.05979046e+01 2.95672587e+00]
 [1.18554458e+01 4.09513351e+00 4.94709451e-01]
 [7.74352535e+00 4.38277652e+00 1.00894311e+01]
 [7.44250790e+00 4.92114797e+00 1.44020519e+01]
 [1.07257853e+01 1.82639083e-01 5.80089035e+00]
 [8.82157010e+00 1.50372527e+01 3.62173544e+00]
 [8.09119504e-01 1.52646349e+01 1.78287917e+00]
 [8.26331814e+00 1.49002124e+01 8.44642089e+00]
 [7.67581784e+00 4.33479419e+00 1.00690497e+01]
 [1.56646685e+01 1.13935573e+01 1.34826646e+01]
 [5.64593256e+00 5.96631543e+00 1.71002856e-01]
 [3.86126127e+00 1.16982629e+01 6.98855940e+00]
 [1.72180686e+01 1.09964048e+01 6.40555483e+00]
 [6.98682870e+00 2.02492781e+00 1.11789514e+01]
 [1.86219652e+00 1.22824655e+01 1.89706377e+01]
 [3.08675370e+00 1.71748543e+01 1.54864704e+01]
 [1.68864236e+01 1.30031839e+00 1.02754889e+01]
 [3.92787386e-01 1.87965868e+01 1.81480349e+01]
 [1.74340315e+01 6.97739793e+00 1.24553581e+01]
 [1.55917971e+01 4.91712633e-02 1.49461770e+00]
 [3.77729861e+05 3.49854187e+05 1.59882160e+05]
 [8.00066239e-01 8.91110501e+00 1.96012588e+01]
 [1.64760589e+01 5.45005715e+00 1.61269427e+01]
 [1.00971245e+01 1.32824651e+01 1.84737805e+01]
 [9.22006375e+00 1.31435006e+01 4.13606939e-01]
 [1.35532957e+01 6.39206609e+00 1.99179958e+01]
 [3.13884611e+00 9.68153680e+00 1.17453992e+01]
 [1.92669769e+01 1.23504531e+01 7.06299262e-01]
 [1.65539342e+13 2.42689274e+13 3.49905486e+13]
 [7.65040739e+00 1.80310503e+01 1.10443093e+01]
 [1.99782427e+01 3.90079480e+00 1.03566841e+01]
 [1.06241944e+01 5.21435781e+00 1.87487152e+01]
 [7.12349835e+00 3.42612637e+00 2.48617878e+00]
 [4.53857823e-01 1.46860309e+01 3.63662715e+00]
 [6.80422278e+00 3.62453165e+00 1.14304415e+01]
 [1.41682641e+01 7.77461043e+00 6.31627405e+00]
 [1.26143297e+01 4.86465754e+00 1.54050858e+01]
 [1.69056013e+01 3.78495825e+00 5.26348346e+00]
 [1.75818533e+01 5.64462929e+00 1.73570709e+01]
 [2.29454915e-01 8.52910917e+00 1.77158384e+01]
 [1.04412196e+00 4.60494654e+00 9.02880302e+00]
 [5.42380762e+00 5.78570598e+00 1.48452718e+01]
 [1.94095007e+01 7.07919253e+00 6.65446308e+00]
 [4.83740381e+00 9.01150809e+00 9.82487385e+00]
 [7.86984870e+00 6.60894614e+00 1.06543205e+01]
 [4.14807711e+00 1.27664323e+01 4.34943508e+00]
 [4.86335564e+00 5.69412951e+00 7.82037227e+00]
 [8.17331546e+02 1.33577237e+03 5.97186004e+02]
 [1.45282193e+01 1.36643771e+01 9.81982540e+00]
 [1.19044624e+01 1.74089129e+01 1.51489409e+01]
 [1.30161160e+01 4.88574048e+00 5.68356611e+00]
 [5.66793620e+00 3.14706837e-01 1.77867639e+01]
 [8.30879383e+00 3.25596011e-01 9.11308852e+00]
 [1.91358199e+01 3.17218361e+00 7.83424230e+00]
 [1.03276612e+01 1.88005044e+01 1.51852466e+01]
 [6.18919128e-01 8.81307385e+00 7.01050946e-01]
 [1.03450560e+01 1.93759707e+01 1.07040022e+01]
 [1.47449495e+01 1.43611308e+01 1.37923477e+00]
 [1.45446080e+04 1.76003527e+04 2.66877127e+04]
 [1.16456654e+01 9.02373031e+00 1.83212736e+01]
 [1.97060867e+01 1.60286377e+01 1.92767882e+01]
 [1.10514167e+01 1.06528352e+01 9.46830879e+00]
 [8.51166411e+00 2.02074727e+00 1.03720985e+00]
 [1.16836246e+01 1.69775806e+01 1.39515397e+01]
 [1.36542206e+01 1.26351399e+01 1.97684008e+01]
 [1.69368305e+13 2.42287852e+13 3.52272515e+13]
 [3.64770808e+02 1.40122457e+03 9.91830835e+02]
 [3.69175699e+05 3.59473660e+05 1.74948241e+05]
 [1.26334820e+01 1.93917654e+01 1.61979839e+01]
 [1.26542155e+01 1.70661080e+01 1.27368875e+00]
 [1.01914219e+01 5.40184785e+00 1.33061786e+01]
 [1.81272677e+01 1.60666404e+01 5.69304642e+00]]
[[4.52644645e+00 1.46706346e+01 1.47086799e+01]
 [1.37858661e+01 4.67044933e+00 1.20697099e+01]
 [6.52741694e+00 1.64489537e+01 1.88363524e+01]
 [1.41902805e+01 1.48934113e+01 1.81628675e+01]
 [4.60392310e+00 4.82721746e-01 1.46877523e+01]
 [8.43934182e-01 4.15999081e+00 1.98620604e+01]
 [1.71102545e+04 1.76701012e+04 2.73314050e+04]
 [1.20670469e+01 4.57096463e+00 1.14787371e+01]
 [7.93878371e+00 2.77475318e-01 5.72158353e+00]
 [1.29497232e+01 1.83114750e+01 4.06633148e+00]
 [1.11725861e+01 5.79143081e-01 1.92409986e+01]
 [8.55859892e-01 1.59652599e+01 6.88078207e+00]
 [4.87786208e+00 1.63814173e+01 1.72020049e+01]
 [1.93252071e+01 6.73463734e+00 1.14336669e+01]
 [1.18731292e+01 5.48074807e+00 3.27237039e+00]
 [9.98982980e-02 9.07655020e+00 1.20561630e+01]
 [1.36211915e+01 3.38682687e-01 1.66343503e+01]
 [6.76982491e-01 4.94166083e+00 5.49983403e+00]
 [8.11360505e+00 1.04187280e+01 1.63670532e+00]
 [4.93545462e+00 1.14460368e+01 7.69433804e-01]
 [5.16093111e+00 8.22795090e+00 3.95156400e+00]
 [4.26667220e+00 5.57463287e+00 1.16122594e+01]
 [1.61207865e+01 4.15298648e-01 7.88602740e+00]
 [1.49797138e+00 7.43392431e+00 7.12952834e+00]
 [1.89938525e+01 1.06104735e+01 4.15215101e+00]
 [1.75837394e+01 1.93121100e+00 1.52132801e+01]
 [1.70750705e+01 2.86566547e-01 3.23405976e+00]
 [7.37267005e+00 1.88091132e+01 5.93877522e+00]
 [1.58862385e+01 1.05979611e+01 2.95674995e+00]
 [1.18543743e+01 4.09484760e+00 4.94644447e-01]
 [2.74361423e+15 1.54908609e+15 3.60132912e+15]
 [7.42415210e+00 4.91092543e+00 1.43697267e+01]
 [1.07253834e+01 1.82737919e-01 5.80066931e+00]
 [8.82382463e+00 1.50408438e+01 3.62273858e+00]
 [8.08808401e-01 1.52536841e+01 1.78246313e+00]
 [8.27689163e+00 1.49226938e+01 8.45934507e+00]
 [2.77236154e+15 1.56945847e+15 3.60998270e+15]
 [1.56645362e+01 1.13934902e+01 1.34824457e+01]
 [5.64489542e+00 5.96525731e+00 1.71190447e-01]
 [3.85436153e+00 1.16775998e+01 6.97527393e+00]
 [1.72187363e+01 1.09975265e+01 6.40514827e+00]
 [6.98743917e+00 2.02507184e+00 1.11793826e+01]
 [1.85997933e+00 1.22693055e+01 1.89518918e+01]
 [3.09255202e+00 1.72051555e+01 1.55125712e+01]
 [1.68896956e+01 1.30083259e+00 1.02779776e+01]
 [3.92418268e-01 1.87961528e+01 1.81481138e+01]
 [1.74330023e+01 6.97688106e+00 1.24545568e+01]
 [1.55929355e+01 4.92628944e-02 1.49459670e+00]
 [4.12067327e+05 3.81657566e+05 1.74416161e+05]
 [7.97202968e-01 8.88566189e+00 1.95424976e+01]
 [1.64944555e+01 5.45651486e+00 1.61446768e+01]
 [1.00983178e+01 1.32844473e+01 1.84764811e+01]
 [9.21514977e+00 1.31367770e+01 4.13641862e-01]
 [1.35582971e+01 6.39402605e+00 1.99247429e+01]
 [3.13612881e+00 9.67176109e+00 1.17331925e+01]
 [1.92757807e+01 1.23563944e+01 7.05716313e-01]
 [1.83932603e+13 2.69654749e+13 3.88783874e+13]
 [7.65052479e+00 1.80320900e+01 1.10449889e+01]
 [1.99768472e+01 3.90067106e+00 1.03560667e+01]
 [1.06358490e+01 5.22002074e+00 1.87691279e+01]
 [7.12184743e+00 3.42536811e+00 2.48563630e+00]
 [4.53981316e-01 1.46778972e+01 3.63454873e+00]
 [6.79951487e+00 3.62228280e+00 1.14213708e+01]
 [1.41696900e+01 7.77545956e+00 6.31748618e+00]
 [1.26114259e+01 4.86383247e+00 1.54019932e+01]
 [1.69058853e+01 3.78495247e+00 5.26361690e+00]
 [1.75893991e+01 5.64676555e+00 1.73646198e+01]
 [2.30335624e-01 8.50689433e+00 1.76714208e+01]
 [1.04520294e+00 4.60974117e+00 9.03797959e+00]
 [5.41490638e+00 5.77406977e+00 1.48168087e+01]
 [1.94127511e+01 7.07987144e+00 6.65576361e+00]
 [4.83212759e+00 9.00294922e+00 9.81524244e+00]
 [7.86084974e+00 6.59976612e+00 1.06419165e+01]
 [4.14008981e+00 1.27422813e+01 4.34254816e+00]
 [4.86518318e+00 5.69624647e+00 7.82381773e+00]
 [8.91225347e+02 1.45635634e+03 6.50914812e+02]
 [1.45289838e+01 1.36649054e+01 9.81940104e+00]
 [1.19181411e+01 1.74229507e+01 1.51592605e+01]
 [1.16114574e+01 7.73844065e+00 8.53610743e+00]
 [5.66088707e+00 3.15049615e-01 1.77654957e+01]
 [8.31882164e+00 3.25523027e-01 9.12386717e+00]
 [1.91371658e+01 3.17232224e+00 7.83480537e+00]
 [1.03383279e+01 1.88245525e+01 1.52039530e+01]
 [6.18923591e-01 8.81991441e+00 7.01289592e-01]
 [1.03479054e+01 1.93799792e+01 1.07062477e+01]
 [1.47471905e+01 1.43628705e+01 1.37909165e+00]
 [1.58661872e+04 1.91996723e+04 2.91127784e+04]
 [1.16544877e+01 9.03063305e+00 1.83348031e+01]
 [1.97068852e+01 1.60292271e+01 1.92776015e+01]
 [1.10492121e+01 1.06507358e+01 9.46718034e+00]
 [8.50939516e+00 2.02052568e+00 1.03715790e+00]
 [1.16793600e+01 1.69708719e+01 1.39490855e+01]
 [1.36575095e+01 1.26378283e+01 1.97727761e+01]
 [1.88187006e+13 2.69208724e+13 3.91413905e+13]
 [3.97476439e+02 1.52776550e+03 1.08147686e+03]
 [4.02735498e+05 3.92151555e+05 1.90851914e+05]
 [1.31690017e+01 1.19083266e-01 1.67433080e+01]
 [1.26583991e+01 1.70719453e+01 1.27446218e+00]
 [1.01798244e+01 5.39619313e+00 1.32926723e+01]
 [1.81236787e+01 1.60632382e+01 5.69257579e+00]]
[[4.52710023e+00 1.46733669e+01 1.47109406e+01]
 [1.37778921e+01 4.66821100e+00 1.20632650e+01]
 [6.53814841e+00 1.64733554e+01 1.88645099e+01]
 [1.61138836e+01 1.58530723e+01 1.94868406e+01]
 [4.59758536e+00 4.83127236e-01 1.46674074e+01]
 [8.43543774e-01 4.15760201e+00 1.98481373e+01]
 [1.85355232e+04 1.91419354e+04 2.96079984e+04]
 [1.20453092e+01 4.56229373e+00 1.14572714e+01]
 [7.93866331e+00 2.77801650e-01 5.72099436e+00]
 [1.29493194e+01 1.83105991e+01 4.06620936e+00]
 [1.11813369e+01 5.79597827e-01 1.92556013e+01]
 [8.55523578e-01 1.59503580e+01 6.87425171e+00]
 [4.88164292e+00 1.63954147e+01 1.72172942e+01]
 [1.93229665e+01 6.73381851e+00 1.14324668e+01]
 [1.18825430e+01 5.48476967e+00 3.27487295e+00]
 [1.00016967e-01 9.07316464e+00 1.20506243e+01]
 [6.99224851e+01 2.79382609e-01 9.80946239e+01]
 [6.77136748e-01 4.94237900e+00 5.50036614e+00]
 [8.11182330e+00 1.04166092e+01 1.63649150e+00]
 [4.93501962e+00 1.14449097e+01 7.69449606e-01]
 [5.15537660e+00 8.21984256e+00 3.94722843e+00]
 [4.27079996e+00 5.58038413e+00 1.16242941e+01]
 [1.61320299e+01 4.15205099e-01 7.89064196e+00]
 [1.50057026e+00 7.44816444e+00 7.14545786e+00]
 [1.89921589e+01 1.06103096e+01 4.15336203e+00]
 [1.75822722e+01 1.93107083e+00 1.52120354e+01]
 [1.70781224e+01 2.86604128e-01 3.23504534e+00]
 [7.37117622e+00 1.88074630e+01 5.93802939e+00]
 [1.58863418e+01 1.05980176e+01 2.95677542e+00]
 [1.18532136e+01 4.09453343e+00 4.94568862e-01]
 [5.48722845e+15 3.09817218e+15 7.20265823e+15]
 [7.40420340e+00 4.89978667e+00 1.43345455e+01]
 [1.07249391e+01 1.82839375e-01 5.80042575e+00]
 [8.82625673e+00 1.50447176e+01 3.62381635e+00]
 [8.08472165e-01 1.52418626e+01 1.78201234e+00]
 [8.29149448e+00 1.49468848e+01 8.47325230e+00]
 [5.54472309e+15 3.13891694e+15 7.21996539e+15]
 [1.56644061e+01 1.13934283e+01 1.34822230e+01]
 [5.64377049e+00 5.96410772e+00 1.71388858e-01]
 [3.84699378e+00 1.16554879e+01 6.96101105e+00]
 [1.72194800e+01 1.09987488e+01 6.40470507e+00]
 [6.98811202e+00 2.02522621e+00 1.11798707e+01]
 [1.85758263e+00 1.22550932e+01 1.89316589e+01]
 [3.09881752e+00 1.72379049e+01 1.55407693e+01]
 [1.68932280e+01 1.30138664e+00 1.02806679e+01]
 [3.92010211e-01 1.87957784e+01 1.81482958e+01]
 [1.74318645e+01 6.97631312e+00 1.24536692e+01]
 [1.55941701e+01 4.93556786e-02 1.49456953e+00]
 [4.46404794e+05 4.13460945e+05 1.88950163e+05]
 [7.94055124e-01 8.85783280e+00 1.94782426e+01]
 [1.65144618e+01 5.46353133e+00 1.61639613e+01]
 [1.00995568e+01 1.32865028e+01 1.84792786e+01]
 [9.20983016e+00 1.31295024e+01 4.13677928e-01]
 [1.35636543e+01 6.39611738e+00 1.99319642e+01]
 [3.13326575e+00 9.66143706e+00 1.17203198e+01]
 [1.92853189e+01 1.23628246e+01 7.05085071e-01]
 [2.02325863e+13 2.96620224e+13 4.27662261e+13]
 [7.65066821e+00 1.80332536e+01 1.10457444e+01]
 [1.99753376e+01 3.90053300e+00 1.03554015e+01]
 [1.06485000e+01 5.22617560e+00 1.87913126e+01]
 [7.12005941e+00 3.42454602e+00 2.48504135e+00]
 [4.54111914e-01 1.46691144e+01 3.63229778e+00]
 [6.79446302e+00 3.61985648e+00 1.14117500e+01]
 [1.41711592e+01 7.77634351e+00 6.31877357e+00]
 [1.26081808e+01 4.86289676e+00 1.53985230e+01]
 [1.69061762e+01 3.78493988e+00 5.26375118e+00]
 [1.75974740e+01 5.64905047e+00 1.73727097e+01]
 [2.31298183e-01 8.48262798e+00 1.76229370e+01]
 [1.04632831e+00 4.61482113e+00 9.04758844e+00]
 [5.40529028e+00 5.76145538e+00 1.47859999e+01]
 [1.94163470e+01 7.08064292e+00 6.65720134e+00]
 [4.82656566e+00 8.99388563e+00 9.80504128e+00]
 [7.85149582e+00 6.59028656e+00 1.06290618e+01]
 [4.13147886e+00 1.27162314e+01 4.33511209e+00]
 [4.86711089e+00 5.69850647e+00 7.82750142e+00]
 [9.65119148e+02 1.57694032e+03 7.04643619e+02]
 [1.45298813e+01 1.36655483e+01 9.81898412e+00]
 [1.19328198e+01 1.74381309e+01 1.51704535e+01]
 [1.02065967e+01 1.05910148e+01 1.13885095e+01]
 [5.65322785e+00 3.15419067e-01 1.77423767e+01]
 [8.32972164e+00 3.25437175e-01 9.13558188e+00]
 [1.91385730e+01 3.17246291e+00 7.83538695e+00]
 [1.03501126e+01 1.88510880e+01 1.52246015e+01]
 [6.18924269e-01 8.82729002e+00 7.01543013e-01]
 [1.03509482e+01 1.93842595e+01 1.07086470e+01]
 [1.47496179e+01 1.43647588e+01 1.37893001e+00]
 [1.71877664e+04 2.07989920e+04 3.15378441e+04]
 [1.16641348e+01 9.03817759e+00 1.83496212e+01]
 [1.97075561e+01 1.60297160e+01 1.92783002e+01]
 [1.10467774e+01 1.06483942e+01 9.46590398e+00]
 [8.50693747e+00 2.02027774e+00 1.03709612e+00]
 [1.16748201e+01 1.69637304e+01 1.39464016e+01]
 [1.36617800e+01 1.26413491e+01 1.97786361e+01]
 [2.07005706e+13 2.96129597e+13 4.30555296e+13]
 [4.30182071e+02 1.65430644e+03 1.17112290e+03]
 [4.36295298e+05 4.24829449e+05 2.06755587e+05]
 [7.80893378e+01 4.26531549e+00 9.61492003e+01]
 [1.26629148e+01 1.70782523e+01 1.27529472e+00]
 [1.01671154e+01 5.38998382e+00 1.32778433e+01]
 [1.81198320e+01 1.60595916e+01 5.69206899e+00]]
[[4.52779627e+00 1.46762675e+01 1.47133390e+01]
 [1.37703139e+01 4.66609226e+00 1.20571225e+01]
 [6.54963702e+00 1.64994904e+01 1.88946562e+01]
 [1.80378582e+01 1.68130620e+01 8.11202797e-01]
 [4.59076920e+00 4.83558036e-01 1.46455310e+01]
 [8.43123586e-01 4.15502962e+00 1.98331669e+01]
 [1.99607919e+04 2.06137696e+04 3.18845917e+04]
 [1.20224514e+01 4.55321792e+00 1.14347796e+01]
 [7.93852656e+00 2.78145536e-01 5.72036126e+00]
 [1.29488739e+01 1.83096351e+01 4.06606701e+00]
 [1.11907242e+01 5.80079064e-01 1.92712608e+01]
 [8.55160234e-01 1.59344184e+01 6.86726006e+00]
 [4.88574058e+00 1.64105609e+01 1.72338436e+01]
 [1.93205529e+01 6.73293514e+00 1.14311737e+01]
 [1.18926528e+01 5.48908672e+00 3.27755966e+00]
 [1.00143237e-01 9.06969077e+00 1.20449698e+01]
 [1.26224114e+02 2.20081682e-01 1.79555376e+02]
 [6.77305378e-01 4.94317112e+00 5.50095526e+00]
 [8.10990535e+00 1.04143289e+01 1.63625462e+00]
 [4.93454768e+00 1.14436941e+01 7.69466035e-01]
 [5.14945090e+00 8.21118448e+00 3.94258838e+00]
 [4.27521176e+00 5.58657083e+00 1.16372041e+01]
 [1.61440779e+01 4.15103382e-01 7.89557812e+00]
 [1.50326031e+00 7.46314340e+00 7.16230070e+00]
 [1.89902878e+01 1.06101042e+01 4.15465511e+00]
 [1.75806911e+01 1.93092043e+00 1.52106935e+01]
 [1.70813607e+01 2.86643223e-01 3.23609227e+00]
 [7.36960325e+00 1.88057795e+01 5.93724891e+00]
 [1.58864455e+01 1.05980737e+01 2.95680222e+00]
 [1.18519693e+01 4.09419291e+00 4.94482426e-01]
 [8.23084268e+15 4.64725826e+15 1.08039874e+16]
 [7.38269327e+00 4.88775857e+00 1.42965775e+01]
 [1.07244553e+01 1.82943373e-01 5.80016113e+00]
 [8.82886383e+00 1.50488694e+01 3.62496778e+00]
 [8.08110824e-01 1.52291755e+01 1.78152725e+00]
 [8.30710906e+00 1.49727523e+01 8.48812440e+00]
 [8.31708463e+15 4.70837542e+15 1.08299481e+16]
 [1.56642654e+01 1.13933633e+01 1.34819868e+01]
 [5.64255855e+00 5.96286774e+00 1.71597965e-01]
 [3.83916181e+00 1.16319387e+01 6.94577593e+00]
 [1.72202347e+01 1.10000300e+01 6.40420369e+00]
 [6.98884050e+00 2.02538955e+00 1.11804042e+01]
 [1.85500853e+00 1.22398506e+01 1.89099716e+01]
 [3.10554734e+00 1.72730707e+01 1.55710366e+01]
 [1.68970477e+01 1.30198251e+00 1.02835747e+01]
 [3.91561925e-01 1.87955008e+01 1.81486164e+01]
 [1.74306329e+01 6.97569990e+00 1.24527055e+01]
 [1.55955063e+01 4.94495178e-02 1.49453641e+00]
 [4.80742260e+05 4.45264324e+05 2.03484164e+05]
 [7.90607642e-01 8.82753838e+00 1.94083080e+01]
 [1.65359981e+01 5.47108047e+00 1.61847216e+01]
 [1.01009314e+01 1.32887636e+01 1.84823656e+01]
 [9.20411275e+00 1.31216891e+01 4.13714730e-01]
 [1.35694280e+01 6.39836885e+00 1.99397488e+01]
 [3.13025881e+00 9.65057203e+00 1.17067891e+01]
 [1.92956138e+01 1.23697584e+01 7.04405583e-01]
 [2.20719123e+13 3.23585699e+13 4.66540648e+13]
 [7.65084355e+00 1.80345568e+01 1.10465848e+01]
 [1.99737276e+01 3.90038327e+00 1.03546949e+01]
 [1.06620624e+01 5.23277603e+00 1.88151137e+01]
 [7.11813637e+00 3.42366119e+00 2.48439442e+00]
 [4.54249554e-01 1.46596847e+01 3.62987470e+00]
 [6.78907015e+00 3.61725437e+00 1.14015862e+01]
 [1.41727715e+01 7.77731472e+00 6.32017174e+00]
 [1.26046699e+01 4.86188326e+00 1.53947649e+01]
 [1.69064684e+01 3.78491933e+00 5.26388484e+00]
 [1.76061306e+01 5.65150089e+00 1.73813904e+01]
 [2.32346155e-01 8.45624158e+00 1.75702575e+01]
 [1.04749842e+00 4.62018293e+00 9.05762442e+00]
 [5.39497305e+00 5.74787917e+00 1.47528854e+01]
 [1.94203167e+01 7.08151708e+00 6.65878485e+00]
 [4.82072194e+00 8.98432583e+00 9.79427852e+00]
 [7.84179452e+00 6.58051603e+00 1.06157691e+01]
 [4.12224755e+00 1.26882932e+01 4.32713031e+00]
 [4.86913759e+00 5.70090670e+00 7.83141996e+00]
 [1.03901295e+03 1.69752429e+03 7.58372427e+02]
 [1.45308500e+01 1.36662470e+01 9.81853697e+00]
 [1.19483132e+01 1.74541537e+01 1.51823106e+01]
 [8.80155887e+00 1.34433952e+01 1.42406996e+01]
 [5.64497937e+00 3.15816651e-01 1.77174889e+01]
 [8.34146634e+00 3.25337723e-01 9.14820160e+00]
 [1.91400338e+01 3.17260439e+00 7.83598417e+00]
 [1.03630859e+01 1.88802515e+01 1.52472948e+01]
 [6.18921267e-01 8.83519935e+00 7.01811135e-01]
 [1.03541654e+01 1.93887741e+01 1.07111816e+01]
 [1.47522460e+01 1.43668097e+01 1.37875037e+00]
 [1.85093456e+04 2.23983116e+04 3.39629098e+04]
 [1.16744887e+01 9.04627785e+00 1.83655362e+01]
 [1.97077866e+01 1.60298703e+01 1.92786062e+01]
 [1.10440662e+01 1.06457845e+01 9.46447089e+00]
 [8.50429475e+00 2.02000428e+00 1.03702451e+00]
 [1.16699812e+01 1.69561144e+01 1.39434442e+01]
 [1.36666136e+01 1.26453666e+01 1.97853354e+01]
 [2.25824407e+13 3.23050469e+13 4.69696686e+13]
 [4.62887704e+02 1.78084739e+03 1.26076893e+03]
 [4.69855098e+05 4.57507344e+05 2.22659260e+05]
 [1.43009999e+02 8.41156744e+00 1.75555486e+02]
 [1.26677534e+01 1.70850163e+01 1.27618597e+00]
 [1.01533343e+01 5.38324486e+00 1.32617450e+01]
 [1.81157006e+01 1.60556765e+01 5.69151870e+00]]
[[4.52853585e+00 1.46793391e+01 1.47158795e+01]
 [1.37632556e+01 4.66413183e+00 1.20513836e+01]
 [6.56184150e+00 1.65272312e+01 1.89266499e+01]
 [1.99616843e+01 1.77728664e+01 2.13548833e+00]
 [4.58347764e+00 4.84013676e-01 1.46221338e+01]
 [8.42673300e-01 4.15227558e+00 1.98171594e+01]
 [2.13860605e+04 2.20856038e+04 3.41611850e+04]
 [1.19985866e+01 4.54378573e+00 1.14113804e+01]
 [7.93836930e+00 2.78507191e-01 5.71968060e+00]
 [1.29484652e+01 1.83087067e+01 4.06593803e+00]
 [1.12007202e+01 5.80588158e-01 1.92879295e+01]
 [8.54770032e-01 1.59174338e+01 6.85980224e+00]
 [4.89016287e+00 1.64268860e+01 1.72516840e+01]
 [1.93179759e+01 6.73199004e+00 1.14297913e+01]
 [1.19034771e+01 5.49370622e+00 3.28043833e+00]
 [1.00277022e-01 9.06612877e+00 1.20391996e+01]
 [1.82525897e+02 1.60780504e-01 2.61016348e+02]
 [6.77488378e-01 4.94403454e+00 5.50159754e+00]
 [8.10784745e+00 1.04118819e+01 1.63599342e+00]
 [4.93403804e+00 1.14423880e+01 7.69482865e-01]
 [5.14314380e+00 8.20195987e+00 3.93763163e+00]
 [4.27991145e+00 5.59319885e+00 1.16509998e+01]
 [1.61569336e+01 4.14993096e-01 7.90084074e+00]
 [1.50604323e+00 7.47887445e+00 7.18007302e+00]
 [1.89884363e+01 1.06099540e+01 4.15608349e+00]
 [1.75790145e+01 1.93076055e+00 1.52092691e+01]
 [1.70847972e+01 2.86682956e-01 3.23720393e+00]
 [7.36793485e+00 1.88040107e+01 5.93641120e+00]
 [1.58865525e+01 1.05981313e+01 2.95683106e+00]
 [1.18506318e+01 4.09382358e+00 4.94384253e-01]
 [1.09744569e+16 6.19634435e+15 1.44053165e+16]
 [7.35963682e+00 4.87485039e+00 1.42558558e+01]
 [1.07239313e+01 1.83049984e-01 5.79987471e+00]
 [8.83165495e+00 1.50533171e+01 3.62619856e+00]
 [8.07724846e-01 1.52156100e+01 1.78100556e+00]
 [8.32373137e+00 1.50002866e+01 8.50396663e+00]
 [1.10894462e+16 6.27783389e+15 1.44399308e+16]
 [1.56640965e+01 1.13932832e+01 1.34817238e+01]
 [5.64125738e+00 5.96153502e+00 1.71817480e-01]
 [3.83086470e+00 1.16069464e+01 6.92956002e+00]
 [1.72211759e+01 1.10014718e+01 6.40373148e+00]
 [6.98962218e+00 2.02556224e+00 1.11809792e+01]
 [1.85225883e+00 1.22236015e+01 1.88868641e+01]
 [3.11274027e+00 1.73106289e+01 1.56033542e+01]
 [1.69011596e+01 1.30262044e+00 1.02867000e+01]
 [3.91070854e-01 1.87953692e+01 1.81491210e+01]
 [1.74293209e+01 6.97504588e+00 1.24516733e+01]
 [1.55969381e+01 4.95449312e-02 1.49449639e+00]
 [5.15079727e+05 4.77067703e+05 2.18018165e+05]
 [7.86841595e-01 8.79467755e+00 1.93324584e+01]
 [1.65589807e+01 5.47914033e+00 1.62068797e+01]
 [1.01025016e+01 1.32913192e+01 1.84858665e+01]
 [9.19794303e+00 1.31132514e+01 4.13747691e-01]
 [1.35756918e+01 6.40080980e+00 1.99482057e+01]
 [3.12710874e+00 9.63917093e+00 1.16926051e+01]
 [1.93058844e+01 1.23767559e+01 7.03647997e-01]
 [2.39112383e+13 3.50551174e+13 5.05419036e+13]
 [7.65105282e+00 1.80360057e+01 1.10475119e+01]
 [1.99720207e+01 3.90022244e+00 1.03539476e+01]
 [1.06764791e+01 5.23979800e+00 1.88404275e+01]
 [7.11607591e+00 3.42271271e+00 2.48369417e+00]
 [4.54394520e-01 1.46496031e+01 3.62727766e+00]
 [6.78333302e+00 3.61447354e+00 1.13908739e+01]
 [1.41745037e+01 7.77836217e+00 6.32166194e+00]
 [1.26009308e+01 4.86080318e+00 1.53907634e+01]
 [1.69067652e+01 3.78489128e+00 5.26401944e+00]
 [1.76154432e+01 5.65413450e+00 1.73907318e+01]
 [2.33483960e-01 8.42764622e+00 1.75132141e+01]
 [1.04871392e+00 4.62583081e+00 9.06809816e+00]
 [5.38396349e+00 5.73334913e+00 1.47174894e+01]
 [1.94246262e+01 7.08248407e+00 6.66049796e+00]
 [4.81459935e+00 8.97427749e+00 9.78296032e+00]
 [7.83175245e+00 6.57045963e+00 1.06020476e+01]
 [4.11239062e+00 1.26584415e+01 4.31859114e+00]
 [4.87126553e+00 5.70344947e+00 7.83557752e+00]
 [1.11290675e+03 1.81810827e+03 8.12101234e+02]
 [1.45318562e+01 1.36669700e+01 9.81806111e+00]
 [1.19644452e+01 1.74707334e+01 1.51946244e+01]
 [7.39649784e+00 1.62957437e+01 1.70928667e+01]
 [5.63614687e+00 3.16241412e-01 1.76908501e+01]
 [8.35405808e+00 3.25224569e-01 9.16172981e+00]
 [1.91415493e+01 3.17274670e+00 7.83659822e+00]
 [1.03773345e+01 1.89122209e+01 1.52721616e+01]
 [6.18914044e-01 8.84365375e+00 7.02095386e-01]
 [1.03575467e+01 1.93935020e+01 1.07138469e+01]
 [1.47546734e+01 1.43686249e+01 1.37850398e+00]
 [1.98309248e+04 2.39976312e+04 3.63879755e+04]
 [1.16854215e+01 9.05483875e+00 1.83823377e+01]
 [1.97081255e+01 1.60301081e+01 1.92790163e+01]
 [1.10411982e+01 1.06430157e+01 9.46294996e+00]
 [8.50146258e+00 2.01970482e+00 1.03694204e+00]
 [1.16648260e+01 1.69479917e+01 1.39401777e+01]
 [1.36715546e+01 1.26494695e+01 1.97921688e+01]
 [2.44643108e+13 3.49971342e+13 5.08838077e+13]
 [4.95593338e+02 1.90738834e+03 1.35041497e+03]
 [5.03414897e+05 4.90185238e+05 2.38562932e+05]
 [2.07930807e+02 1.25578285e+01 2.54961952e+02]
 [1.26730857e+01 1.70924958e+01 1.27715895e+00]
 [1.01385064e+01 5.37598740e+00 1.32444098e+01]
 [1.81118630e+01 1.60519981e+01 5.69115980e+00]]
[[4.52932178e+00 1.46825873e+01 1.47185674e+01]
 [1.37568575e+01 4.66237231e+00 1.20461609e+01]
 [6.57449042e+00 1.65557954e+01 1.89595291e+01]
 [1.88603898e+00 1.87331226e+01 3.45975071e+00]
 [4.57570995e+00 4.84494211e-01 1.45972137e+01]
 [8.42192742e-01 4.14933969e+00 1.98001130e+01]
 [2.28113292e+04 2.35574380e+04 3.64377784e+04]
 [1.19738108e+01 4.53403966e+00 1.13871771e+01]
 [7.93818955e+00 2.78886476e-01 5.71895172e+00]
 [1.29480656e+01 1.83077712e+01 4.06581017e+00]
 [1.12113179e+01 5.81125157e-01 1.93055960e+01]
 [8.54352705e-01 1.58994093e+01 6.85188071e+00]
 [4.89488876e+00 1.64442667e+01 1.72706873e+01]
 [1.93152363e+01 6.73098349e+00 1.14283198e+01]
 [1.19150077e+01 5.49862509e+00 3.28350606e+00]
 [1.00418272e-01 9.06247846e+00 1.20333136e+01]
 [2.38827780e+02 1.01479188e-01 3.42477463e+02]
 [6.77685643e-01 4.94496734e+00 5.50229089e+00]
 [8.10565094e+00 1.04092703e+01 1.63570825e+00]
 [4.93349083e+00 1.14409918e+01 7.69500177e-01]
 [5.13645500e+00 8.19216994e+00 3.93235979e+00]
 [4.28490444e+00 5.60027689e+00 1.16656963e+01]
 [1.61705928e+01 4.14874415e-01 7.90642730e+00]
 [1.50892051e+00 7.49536749e+00 7.19878404e+00]
 [1.89865691e+01 1.06098422e+01 4.15763692e+00]
 [1.75772444e+01 1.93059135e+00 1.52077636e+01]
 [1.70884280e+01 2.86723530e-01 3.23837941e+00]
 [7.36618215e+00 1.88021890e+01 5.93552702e+00]
 [1.58866616e+01 1.05981895e+01 2.95686167e+00]
 [1.18492040e+01 4.09342612e+00 4.94274612e-01]
 [1.37180711e+16 7.74543044e+15 1.80066456e+16]
 [7.33503448e+00 4.86106210e+00 1.42123840e+01]
 [1.07233670e+01 1.83159170e-01 5.79956654e+00]
 [8.83462496e+00 1.50580509e+01 3.62750596e+00]
 [8.07314028e-01 1.52011709e+01 1.78044807e+00]
 [8.34133161e+00 1.50294302e+01 8.52074802e+00]
 [1.38618077e+16 7.84729236e+15 1.80499135e+16]
 [1.56638978e+01 1.13931868e+01 1.34814326e+01]
 [5.63986719e+00 5.96010986e+00 1.72047538e-01]
 [3.82210527e+00 1.15805195e+01 6.91236749e+00]
 [1.72222637e+01 1.10030514e+01 6.40327079e+00]
 [6.99045550e+00 2.02574488e+00 1.11815931e+01]
 [1.84933410e+00 1.22063455e+01 1.88623326e+01]
 [3.12040398e+00 1.73506444e+01 1.56377760e+01]
 [1.69055663e+01 1.30330065e+00 1.02900456e+01]
 [3.90537163e-01 1.87953797e+01 1.81498066e+01]
 [1.74279298e+01 6.97435143e+00 1.24505733e+01]
 [1.55984672e+01 4.96417789e-02 1.49444972e+00]
 [5.49417193e+05 5.08871082e+05 2.32552167e+05]
 [7.82734527e-01 8.75910870e+00 1.92503647e+01]
 [1.65833880e+01 5.48770462e+00 1.62304153e+01]
 [1.01042653e+01 1.32941708e+01 1.84897816e+01]
 [9.19134462e+00 1.31042263e+01 4.13778516e-01]
 [1.35824563e+01 6.40344500e+00 1.99573499e+01]
 [3.12381627e+00 9.62723765e+00 1.16777728e+01]
 [1.93163939e+01 1.23839564e+01 7.02829363e-01]
 [2.57505644e+13 3.77516648e+13 5.44297423e+13]
 [7.65129907e+00 1.80376093e+01 1.10485312e+01]
 [1.99702181e+01 3.90005078e+00 1.03531601e+01]
 [1.06917343e+01 5.24723453e+00 1.88672265e+01]
 [7.11387813e+00 3.42170056e+00 2.48294081e+00]
 [4.54546657e-01 1.46388712e+01 3.62450710e+00]
 [6.77724581e+00 3.61150979e+00 1.13796043e+01]
 [1.41763747e+01 7.77949486e+00 6.32325359e+00]
 [1.25969696e+01 4.85965817e+00 1.53865261e+01]
 [1.69070652e+01 3.78485552e+00 5.26415450e+00]
 [1.76254062e+01 5.65694902e+00 1.74007282e+01]
 [2.34718465e-01 8.39672170e+00 1.74515774e+01]
 [1.04997546e+00 4.63176941e+00 9.07901824e+00]
 [5.37226489e+00 5.71786610e+00 1.46798183e+01]
 [1.94292814e+01 7.08354581e+00 6.66234295e+00]
 [4.80820072e+00 8.96374611e+00 9.77109309e+00]
 [7.82137095e+00 6.56011811e+00 1.05878995e+01]
 [4.10191082e+00 1.26266852e+01 4.30949883e+00]
 [4.87349671e+00 5.70613705e+00 7.83997654e+00]
 [1.18680055e+03 1.93869224e+03 8.65830041e+02]
 [1.45328719e+01 1.36676928e+01 9.81753906e+00]
 [1.19812310e+01 1.74878941e+01 1.52074261e+01]
 [5.99098563e+00 1.91472162e+01 1.99441882e+01]
 [5.62672952e+00 3.16693336e-01 1.76624571e+01]
 [8.36750075e+00 3.25097504e-01 9.17616894e+00]
 [1.91431184e+01 3.17288963e+00 7.83722856e+00]
 [1.03928294e+01 1.89469426e+01 1.52991636e+01]
 [6.18902854e-01 8.85265470e+00 7.02395305e-01]
 [1.03610848e+01 1.93984289e+01 1.07166350e+01]
 [1.47571279e+01 1.43704292e+01 1.37822154e+00]
 [2.11525040e+04 2.55969508e+04 3.88130413e+04]
 [1.16969136e+01 9.06384565e+00 1.83999940e+01]
 [1.97085706e+01 1.60304276e+01 1.92795279e+01]
 [1.10381915e+01 1.06401037e+01 9.46135566e+00]
 [8.49844171e+00 2.01937938e+00 1.03684897e+00]
 [1.16593627e+01 1.69393729e+01 1.39365987e+01]
 [1.36765978e+01 1.26536525e+01 1.97991284e+01]
 [2.63461808e+13 3.76892214e+13 5.47979467e+13]
 [5.28298974e+02 2.03392929e+03 1.44006102e+03]
 [5.36974697e+05 5.22863132e+05 2.54466605e+05]
 [2.72851711e+02 1.67040955e+01 3.34368533e+02]
 [1.26788247e+01 1.71005582e+01 1.27820107e+00]
 [1.01226359e+01 5.36821326e+00 1.32258437e+01]
 [1.81084494e+01 1.60486787e+01 5.69104476e+00]]
[[4.53015829e+00 1.46860160e+01 1.47214097e+01]
 [1.37512470e+01 4.66085214e+00 1.20415544e+01]
 [6.58791522e+00 1.65860833e+01 1.89944045e+01]
 [3.81017278e+00 1.96910586e+01 4.78363338e+00]
 [4.56745949e+00 4.85000395e-01 1.45707528e+01]
 [8.41681003e-01 4.14622023e+00 1.97820164e+01]
 [2.42365979e+04 2.50292723e+04 3.87143717e+04]
 [1.19482102e+01 4.52401849e+00 1.13622635e+01]
 [7.93798048e+00 2.79283734e-01 5.71817116e+00]
 [1.29476396e+01 1.83067640e+01 4.06566759e+00]
 [1.12225118e+01 5.81690114e-01 1.93242498e+01]
 [8.53891979e-01 1.58799511e+01 6.84328957e+00]
 [4.89992276e+00 1.64627722e+01 1.72909251e+01]
 [1.93123464e+01 6.72991929e+00 1.14267674e+01]
 [1.19272420e+01 5.50384121e+00 3.28676076e+00]
 [1.00566837e-01 9.05873576e+00 1.20273057e+01]
 [2.95129736e+02 4.21777761e-02 4.23938684e+02]
 [6.77895910e-01 4.94596276e+00 5.50302576e+00]
 [8.10331074e+00 1.04064896e+01 1.63539851e+00]
 [4.93290250e+00 1.14394993e+01 7.69517813e-01]
 [5.12934350e+00 8.18176823e+00 3.92674716e+00]
 [4.29020295e+00 5.60782018e+00 1.16813258e+01]
 [1.61850403e+01 4.14748361e-01 7.91232872e+00]
 [1.51190509e+00 7.51267451e+00 7.21849360e+00]
 [1.89844913e+01 1.06096706e+01 4.15926832e+00]
 [1.75753873e+01 1.93041320e+00 1.52061836e+01]
 [1.70922420e+01 2.86765731e-01 3.23961627e+00]
 [7.36418125e+00 1.87999785e+01 5.93447943e+00]
 [1.58867709e+01 1.05982472e+01 2.95689360e+00]
 [1.18476865e+01 4.09300091e+00 4.94153697e-01]
 [1.64616854e+16 9.29451653e+15 2.16079747e+16]
 [7.30887359e+00 4.84638814e+00 1.41661435e+01]
 [1.07227616e+01 1.83270937e-01 5.79923642e+00]
 [8.83779128e+00 1.50630915e+01 3.62889514e+00]
 [8.06865790e-01 1.51855048e+01 1.77982452e+00]
 [8.35997054e+00 1.50602577e+01 8.53852019e+00]
 [1.66341693e+16 9.41675083e+15 2.16598962e+16]
 [1.56636654e+01 1.13930712e+01 1.34811094e+01]
 [5.63838374e+00 5.95858940e+00 1.72288355e-01]
 [3.81283858e+00 1.15525504e+01 6.89411996e+00]
 [1.72232871e+01 1.10046405e+01 6.40273074e+00]
 [6.99134095e+00 2.02593827e+00 1.11822459e+01]
 [1.84623162e+00 1.21880740e+01 1.88363594e+01]
 [3.12856073e+00 1.73931937e+01 1.56743785e+01]
 [1.69102750e+01 1.30402333e+00 1.02936166e+01]
 [3.89958904e-01 1.87954676e+01 1.81506075e+01]
 [1.74264666e+01 6.97361918e+00 1.24494116e+01]
 [1.56000967e+01 4.97397144e-02 1.49439679e+00]
 [5.83754660e+05 5.40674461e+05 2.47086168e+05]
 [7.78256368e-01 8.72064642e+00 1.91615939e+01]
 [1.66091855e+01 5.49676276e+00 1.62552925e+01]
 [1.01062371e+01 1.32973364e+01 1.84941386e+01]
 [9.18427762e+00 1.30945793e+01 4.13808169e-01]
 [1.35897338e+01 6.40628028e+00 1.99672005e+01]
 [3.12037386e+00 9.61475530e+00 1.16622677e+01]
 [1.93276631e+01 1.23916637e+01 7.01959999e-01]
 [2.75898904e+13 4.04482123e+13 5.83175811e+13]
 [7.65157022e+00 1.80393475e+01 1.10496279e+01]
 [1.99683303e+01 3.89986981e+00 1.03523384e+01]
 [1.07078154e+01 5.25507943e+00 1.88954864e+01]
 [7.11153955e+00 3.42062387e+00 2.48213351e+00]
 [4.54705191e-01 1.46273383e+01 3.62152152e+00]
 [6.77079791e+00 3.60835737e+00 1.13677612e+01]
 [1.41784150e+01 7.78072948e+00 6.32496403e+00]
 [1.25927908e+01 4.85844976e+00 1.53820600e+01]
 [1.69073642e+01 3.78481139e+00 5.26428851e+00]
 [1.76360202e+01 5.65994385e+00 1.74113820e+01]
 [2.36057191e-01 8.36330767e+00 1.73850359e+01]
 [1.05128830e+00 4.63801535e+00 9.09042627e+00]
 [5.35987143e+00 5.70142400e+00 1.46398560e+01]
 [1.94343384e+01 7.08471970e+00 6.66434101e+00]
 [4.80151360e+00 8.95271476e+00 9.75865404e+00]
 [7.81064435e+00 6.54948803e+00 1.05733187e+01]
 [4.09072183e+00 1.25928159e+01 4.29977240e+00]
 [4.87584061e+00 5.70897757e+00 7.84463016e+00]
 [1.26069435e+03 2.05927622e+03 9.19558847e+02]
 [1.45338171e+01 1.36683340e+01 9.81690412e+00]
 [1.19986503e+01 1.75056067e+01 1.52207013e+01]
 [4.58548679e+00 1.99877082e+00 2.79558747e+00]
 [5.61672230e+00 3.17172827e-01 1.76322961e+01]
 [8.38180722e+00 3.24955530e-01 9.19152922e+00]
 [1.91447347e+01 3.17303246e+00 7.83787235e+00]
 [1.04095816e+01 1.89844388e+01 1.53283152e+01]
 [6.18891614e-01 8.86224639e+00 7.02712516e-01]
 [1.03647889e+01 1.94035591e+01 1.07195502e+01]
 [1.47597677e+01 1.43723861e+01 1.37791780e+00]
 [2.24740832e+04 2.71962704e+04 4.12381070e+04]
 [1.17089487e+01 9.07328523e+00 1.84184765e+01]
 [1.97091388e+01 1.60308428e+01 1.92801591e+01]
 [1.10350430e+01 1.06370505e+01 9.45968961e+00]
 [8.49522885e+00 2.01902772e+00 1.03674520e+00]
 [1.16535946e+01 1.69302608e+01 1.39326988e+01]
 [1.36817274e+01 1.26578998e+01 1.98061889e+01]
 [2.82280509e+13 4.03813087e+13 5.87120858e+13]
 [5.61004610e+02 2.16047025e+03 1.52970706e+03]
 [5.70534496e+05 5.55541027e+05 2.70370278e+05]
 [3.37772684e+02 8.50366924e-01 4.13775199e+02]
 [1.26849168e+01 1.71091103e+01 1.27930591e+00]
 [1.01057188e+01 5.35992160e+00 1.32060435e+01]
 [1.81047055e+01 1.60450467e+01 5.69087845e+00]]
[[4.53104641e+00 1.46896271e+01 1.47244091e+01]
 [1.37465530e+01 4.65961091e+00 1.20376695e+01]
 [6.60203635e+00 1.66179237e+01 1.90310688e+01]
 [5.73391183e+00 6.46800548e-01 6.10701808e+00]
 [4.55872126e+00 4.85532008e-01 1.45427329e+01]
 [8.41137977e-01 4.14291660e+00 1.97628669e+01]
 [2.56618665e+04 2.65011065e+04 4.09909650e+04]
 [1.19218568e+01 4.51375464e+00 1.13367174e+01]
 [7.93771800e+00 2.79699391e-01 5.71732189e+00]
 [1.29472019e+01 1.83057034e+01 4.06551404e+00]
 [1.12342979e+01 5.82283280e-01 1.93438849e+01]
 [8.53399997e-01 1.58591538e+01 6.83408691e+00]
 [4.90528031e+00 1.64824494e+01 1.73124473e+01]
 [1.93093048e+01 6.72879694e+00 1.14251332e+01]
 [1.19401945e+01 5.50936131e+00 3.29020597e+00]
 [1.00722823e-01 9.05489988e+00 1.20211750e+01]
 [3.51431762e+02 1.99828764e+01 5.05400007e+02]
 [6.78119696e-01 4.94701222e+00 5.50379317e+00]
 [8.10082560e+00 1.04035379e+01 1.63506402e+00]
 [4.93227344e+00 1.14379106e+01 7.69535875e-01]
 [5.12179339e+00 8.17072296e+00 3.92078141e+00]
 [4.29581648e+00 5.61584396e+00 1.16979169e+01]
 [1.62002908e+01 4.14615080e-01 7.91855184e+00]
 [1.51499848e+00 7.53082387e+00 7.23922670e+00]
 [1.89822070e+01 1.06094415e+01 4.16097863e+00]
 [1.75734422e+01 1.93022593e+00 1.52045278e+01]
 [1.70962456e+01 2.86809603e-01 3.24091568e+00]
 [7.36168899e+00 1.87968750e+01 5.93309374e+00]
 [1.58868805e+01 1.05983044e+01 2.95692689e+00]
 [1.18460719e+01 4.09254547e+00 4.94021533e-01]
 [1.92052996e+16 1.08436026e+16 2.52093038e+16]
 [7.28114416e+00 4.83082192e+00 1.41171152e+01]
 [1.07221118e+01 1.83385325e-01 5.79888256e+00]
 [8.84116107e+00 1.50684498e+01 3.63036819e+00]
 [8.06389186e-01 1.51687996e+01 1.77915198e+00]
 [8.37968449e+00 1.50928232e+01 8.55732128e+00]
 [1.94065308e+16 1.09862093e+16 2.52698789e+16]
 [1.56633995e+01 1.13929367e+01 1.34807545e+01]
 [5.63680201e+00 5.95696737e+00 1.72540533e-01]
 [3.80306833e+00 1.15230354e+01 6.87481623e+00]
 [1.72242579e+01 1.10062461e+01 6.40211546e+00]
 [6.99227961e+00 2.02614379e+00 1.11829393e+01]
 [1.84295378e+00 1.21688014e+01 1.88089654e+01]
 [3.13720744e+00 1.74382501e+01 1.57131420e+01]
 [1.69152836e+01 1.30478845e+00 1.02974119e+01]
 [3.89333160e-01 1.87956954e+01 1.81515823e+01]
 [1.74249300e+01 6.97284854e+00 1.24481869e+01]
 [1.56018228e+01 4.98387722e-02 1.49433735e+00]
 [6.18092126e+05 5.72477840e+05 2.61620169e+05]
 [7.73372153e-01 8.67907336e+00 1.90656417e+01]
 [1.66363480e+01 5.50630706e+00 1.62814874e+01]
 [1.01084245e+01 1.33008244e+01 1.84989491e+01]
 [9.17673454e+00 1.30842982e+01 4.13837874e-01]
 [1.35975337e+01 6.40931963e+00 1.99777701e+01]
 [3.11678123e+00 9.60172077e+00 1.16460863e+01]
 [1.93396804e+01 1.23998705e+01 7.01039817e-01]
 [2.94292164e+13 4.31447598e+13 6.22054198e+13]
 [7.65185667e+00 1.80412007e+01 1.10507870e+01]
 [1.99663558e+01 3.89967931e+00 1.03514817e+01]
 [1.07247102e+01 5.26332765e+00 1.89251872e+01]
 [7.10904092e+00 3.41947308e+00 2.48126706e+00]
 [4.54871622e-01 1.46150743e+01 3.61834227e+00]
 [6.76397812e+00 3.60500917e+00 1.13553260e+01]
 [1.41806128e+01 7.78205984e+00 6.32678821e+00]
 [1.25883928e+01 4.85717704e+00 1.53773628e+01]
 [1.69076636e+01 3.78475920e+00 5.26442190e+00]
 [1.76472653e+01 5.66311215e+00 1.74226734e+01]
 [2.37511567e-01 8.32721714e+00 1.73132344e+01]
 [1.05265320e+00 4.64458490e+00 9.10235314e+00]
 [5.34678217e+00 5.68401820e+00 1.45975935e+01]
 [1.94397916e+01 7.08600381e+00 6.66649023e+00]
 [4.79453614e+00 8.94117781e+00 9.74563706e+00]
 [7.79956779e+00 6.53856504e+00 1.05582987e+01]
 [4.07884006e+00 1.25568530e+01 4.28942481e+00]
 [4.87830537e+00 5.71198161e+00 7.84955236e+00]
 [1.33458815e+03 2.17986019e+03 9.73287654e+02]
 [1.45347055e+01 1.36689053e+01 9.81616624e+00]
 [1.20167019e+01 1.75238771e+01 1.52344650e+01]
 [3.17994588e+00 4.85031078e+00 5.64695627e+00]
 [5.60612177e+00 3.17679722e-01 1.76003542e+01]
 [8.39700284e+00 3.24798232e-01 9.20783765e+00]
 [1.91463991e+01 3.17317529e+00 7.83852999e+00]
 [1.04275962e+01 1.90247089e+01 1.53596129e+01]
 [6.18878824e-01 8.87243373e+00 7.03046427e-01]
 [1.03686780e+01 1.94089244e+01 1.07226134e+01]
 [1.47625827e+01 1.43744868e+01 1.37759224e+00]
 [2.37956624e+04 2.87955900e+04 4.36631727e+04]
 [1.17215149e+01 9.08314895e+00 1.84377678e+01]
 [1.97098326e+01 1.60313558e+01 1.92809121e+01]
 [1.10317411e+01 1.06338457e+01 9.45794156e+00]
 [8.49180576e+00 2.01864598e+00 1.03662991e+00]
 [1.16475303e+01 1.69206682e+01 1.39284800e+01]
 [1.36869322e+01 1.26622021e+01 1.98133357e+01]
 [3.01099209e+13 4.30733959e+13 6.26262248e+13]
 [5.93710248e+02 2.28701121e+03 1.61935311e+03]
 [6.04094296e+05 5.88218921e+05 2.86273951e+05]
 [4.02693726e+02 4.99663849e+00 4.93181949e+02]
 [1.26913755e+01 1.71181682e+01 1.28047383e+00]
 [1.00877481e+01 5.35110896e+00 1.31849994e+01]
 [1.81006471e+01 1.60411148e+01 5.69066585e+00]]
[[4.53198337e+00 1.46934119e+01 1.47275541e+01]
 [1.37429494e+01 4.65870688e+00 1.20346515e+01]
 [6.61683027e+00 1.66512661e+01 1.90694566e+01]
 [7.65727874e+00 1.60251851e+00 7.42986463e+00]
 [4.54943789e+00 4.86081754e-01 1.45129480e+01]
 [8.40563062e-01 4.13942192e+00 1.97426352e+01]
 [2.70871352e+04 2.79729407e+04 4.32675584e+04]
 [1.18947656e+01 4.50325587e+00 1.13105612e+01]
 [7.93684120e+00 2.80133393e-01 5.71609445e+00]
 [1.29467092e+01 1.83045357e+01 4.06533741e+00]
 [1.12467040e+01 5.82907405e-01 1.93645512e+01]
 [8.52878389e-01 1.58372912e+01 6.82441104e+00]
 [4.91097234e+00 1.65033257e+01 1.73352899e+01]
 [1.93061033e+01 6.72761308e+00 1.14234125e+01]
 [1.19539423e+01 5.51522532e+00 3.29385777e+00]
 [1.00886495e-01 9.05096610e+00 1.20149170e+01]
 [4.07733842e+02 1.99235781e+01 5.86861407e+02]
 [6.78363346e-01 4.94806163e+00 5.50454225e+00]
 [8.09819522e+00 1.04004129e+01 1.63470488e+00]
 [4.93160466e+00 1.14362268e+01 7.69554478e-01]
 [5.11373089e+00 8.15888724e+00 3.91441734e+00]
 [4.30178160e+00 5.62440834e+00 1.17155818e+01]
 [1.62164686e+01 4.14478876e-01 7.92515414e+00]
 [1.51821476e+00 7.54999453e+00 7.26112978e+00]
 [1.89797171e+01 1.06091588e+01 4.16276778e+00]
 [1.75713890e+01 1.93002682e+00 1.52027790e+01]
 [1.71004867e+01 2.86856544e-01 3.24228503e+00]
 [7.35913399e+00 1.87937878e+01 5.93168403e+00]
 [1.58869904e+01 1.05983613e+01 2.95696152e+00]
 [1.18443297e+01 4.09204788e+00 4.93879220e-01]
 [2.19489138e+16 1.23926887e+16 2.88106329e+16]
 [7.25176870e+00 4.81430486e+00 1.40651444e+01]
 [1.07213759e+01 1.83501923e-01 5.79848530e+00]
 [8.84470597e+00 1.50740861e+01 3.63191515e+00]
 [8.05885891e-01 1.51511989e+01 1.77844243e+00]
 [8.40034239e+00 1.51269297e+01 8.57701938e+00]
 [2.21788923e+16 1.25556678e+16 2.88798616e+16]
 [1.56631005e+01 1.13927839e+01 1.34803681e+01]
 [5.63511132e+00 5.95523003e+00 1.72806156e-01]
 [3.79280975e+00 1.14919902e+01 6.85448131e+00]
 [1.72251783e+01 1.10078762e+01 6.40142506e+00]
 [6.99331304e+00 2.02637636e+00 1.11837438e+01]
 [1.83950274e+00 1.21485341e+01 1.87801640e+01]
 [3.14632818e+00 1.74857257e+01 1.57539724e+01]
 [1.69205617e+01 1.30559332e+00 1.03014139e+01]
 [3.88659166e-01 1.87961387e+01 1.81528111e+01]
 [1.74233123e+01 6.97203587e+00 1.24468939e+01]
 [1.56036217e+01 4.99386199e-02 1.49427015e+00]
 [6.52429593e+05 6.04281219e+05 2.76154171e+05]
 [7.68036576e-01 8.63409641e+00 1.89618346e+01]
 [1.66648676e+01 5.51633687e+00 1.63089928e+01]
 [1.01108312e+01 1.33046380e+01 1.85042206e+01]
 [9.16875942e+00 1.30734286e+01 4.13867155e-01]
 [1.36058520e+01 6.41255959e+00 1.99890516e+01]
 [3.11303448e+00 9.58811195e+00 1.16292096e+01]
 [1.93524547e+01 1.24085781e+01 7.00069352e-01]
 [3.12685424e+13 4.58413073e+13 6.60932585e+13]
 [7.65219139e+00 1.80432391e+01 1.10520571e+01]
 [1.99642832e+01 3.89947663e+00 1.03505843e+01]
 [1.07424330e+01 5.27198918e+00 1.89563560e+01]
 [7.10633632e+00 3.41822150e+00 2.48033399e+00]
 [4.55044551e-01 1.46021450e+01 3.61498632e+00]
 [6.75672428e+00 3.60142640e+00 1.13421898e+01]
 [1.41829177e+01 7.78345304e+00 6.32870574e+00]
 [1.25837416e+01 4.85582454e+00 1.53723924e+01]
 [1.69079729e+01 3.78470135e+00 5.26455733e+00]
 [1.76590952e+01 5.66643756e+00 1.74345566e+01]
 [2.39096922e-01 8.28819519e+00 1.72356925e+01]
 [1.05407415e+00 4.65161177e+00 9.11504048e+00]
 [5.33296608e+00 5.66560498e+00 1.45529333e+01]
 [1.94456194e+01 7.08738861e+00 6.66878368e+00]
 [4.78725137e+00 8.92909046e+00 9.73200378e+00]
 [7.78810678e+00 6.52731568e+00 1.05427922e+01]
 [4.06631025e+00 1.25188958e+01 4.27850134e+00]
 [4.88095772e+00 5.71524256e+00 7.85485606e+00]
 [1.40848195e+03 2.30044416e+03 1.02701646e+03]
 [1.45355032e+01 1.36693846e+01 9.81530291e+00]
 [1.20353467e+01 1.75426625e+01 1.52486798e+01]
 [1.77438562e+00 7.70180053e+00 8.49825459e+00]
 [5.59489548e+00 3.18211251e-01 1.75665215e+01]
 [8.41354457e+00 3.24637053e-01 9.22559514e+00]
 [1.91481206e+01 3.17331983e+00 7.83920495e+00]
 [1.04469123e+01 1.90678075e+01 1.53931093e+01]
 [6.18863793e-01 8.88324530e+00 7.03395440e-01]
 [1.03726824e+01 1.94144066e+01 1.07257535e+01]
 [1.47656035e+01 1.43767547e+01 1.37724692e+00]
 [2.51172416e+04 3.03949096e+04 4.60882384e+04]
 [1.17346163e+01 9.09344349e+00 1.84578751e+01]
 [1.97106576e+01 1.60319701e+01 1.92817922e+01]
 [1.10282750e+01 1.06304710e+01 9.45610242e+00]
 [8.48811324e+00 2.01821780e+00 1.03650450e+00]
 [1.16411612e+01 1.69105863e+01 1.39239244e+01]
 [1.36922056e+01 1.26665555e+01 1.98205598e+01]
 [3.19917910e+13 4.57654832e+13 6.65403639e+13]
 [6.26415886e+02 2.41355217e+03 1.70899916e+03]
 [6.37654096e+05 6.20896816e+05 3.02177624e+05]
 [4.67614820e+02 9.14291067e+00 5.72588763e+02]
 [1.26981437e+01 1.71276649e+01 1.28170145e+00]
 [1.00686663e+01 5.34174136e+00 1.31626355e+01]
 [1.80962303e+01 1.60368509e+01 5.69039399e+00]]
[[4.53297233e+00 1.46973789e+01 1.47308537e+01]
 [1.37405917e+01 4.65819044e+00 1.20326303e+01]
 [6.63229308e+00 1.66861049e+01 1.91095609e+01]
 [9.58034918e+00 2.55827305e+00 8.75226342e+00]
 [4.53960017e+00 4.86651585e-01 1.44813503e+01]
 [8.39956221e-01 4.13573454e+00 1.97213118e+01]
 [2.85124039e+04 2.94447749e+04 4.55441517e+04]
 [1.18669385e+01 4.49252530e+00 1.12838030e+01]
 [7.93541822e+00 2.80637037e-01 5.71454651e+00]
 [1.29461622e+01 1.83032619e+01 4.06513776e+00]
 [1.12597387e+01 5.83562737e-01 1.93862656e+01]
 [8.52326871e-01 1.58143518e+01 6.81425779e+00]
 [4.91699806e+00 1.65253923e+01 1.73594453e+01]
 [1.93027350e+01 6.72636533e+00 1.14216012e+01]
 [1.19685187e+01 5.52144970e+00 3.29772048e+00]
 [1.01058250e-01 9.04692905e+00 1.20085244e+01]
 [4.64035970e+02 1.98642822e+01 6.68322876e+02]
 [6.78621822e-01 4.94913487e+00 5.50529596e+00]
 [8.09541889e+00 1.03971135e+01 1.63432112e+00]
 [4.93089604e+00 1.14344477e+01 7.69573706e-01]
 [5.10516860e+00 8.14628144e+00 3.90766476e+00]
 [4.30811808e+00 5.63354452e+00 1.17343845e+01]
 [1.62336489e+01 4.14339583e-01 7.93216867e+00]
 [1.52086427e+00 7.56189295e+00 7.28093812e+00]
 [1.89770296e+01 1.06088273e+01 4.16463699e+00]
 [1.75692155e+01 1.92981471e+00 1.52009267e+01]
 [1.71049805e+01 2.86906307e-01 3.24372603e+00]
 [7.35651494e+00 1.87907133e+01 5.93024935e+00]
 [1.58871008e+01 1.05984179e+01 2.95699753e+00]
 [1.18424561e+01 4.09150688e+00 4.93727762e-01]
 [2.46925280e+16 1.39417748e+16 3.24119621e+16]
 [7.22069681e+00 4.79679986e+00 1.40101225e+01]
 [1.07205262e+01 1.83623018e-01 5.79803422e+00]
 [8.84842668e+00 1.50800020e+01 3.63353608e+00]
 [8.05355942e-01 1.51327006e+01 1.77769618e+00]
 [8.42194600e+00 1.51625809e+01 8.59761559e+00]
 [2.49512539e+16 1.41251262e+16 3.24898443e+16]
 [1.56627700e+01 1.13926139e+01 1.34799517e+01]
 [5.63331592e+00 5.95338216e+00 1.73084950e-01]
 [3.78205088e+00 1.14593740e+01 6.83309447e+00]
 [1.72260714e+01 1.10095460e+01 6.40066667e+00]
 [6.99447074e+00 2.02664664e+00 1.11847209e+01]
 [1.83587929e+00 1.21272711e+01 1.87499505e+01]
 [3.15592856e+00 1.75356503e+01 1.57968946e+01]
 [1.69260899e+01 1.30643693e+00 1.03056115e+01]
 [3.87935872e-01 1.87968080e+01 1.81543044e+01]
 [1.74216066e+01 6.97117829e+00 1.24455277e+01]
 [1.56054885e+01 5.00395048e-02 1.49419533e+00]
 [6.86767059e+05 6.36084598e+05 2.90688172e+05]
 [7.62190661e-01 8.58534625e+00 1.88493115e+01]
 [1.66947216e+01 5.52684492e+00 1.63377868e+01]
 [1.01134542e+01 1.33087729e+01 1.85099466e+01]
 [9.16034760e+00 1.30619633e+01 4.13896846e-01]
 [1.36146884e+01 6.41599977e+00 1.04328887e-03]
 [3.10912398e+00 9.57389784e+00 1.16116001e+01]
 [1.93659761e+01 1.24177798e+01 6.99048955e-01]
 [3.31078685e+13 4.85378548e+13 6.99810973e+13]
 [7.65257456e+00 1.80454634e+01 1.10534388e+01]
 [1.99621049e+01 3.89926041e+00 1.03496425e+01]
 [1.07609875e+01 5.28106663e+00 1.89890019e+01]
 [7.10344287e+00 3.41687837e+00 2.47933835e+00]
 [4.55224015e-01 1.45885474e+01 3.61145323e+00]
 [6.74899123e+00 3.59757803e+00 1.13282618e+01]
 [1.41852868e+01 7.78488418e+00 6.33070025e+00]
 [1.25788105e+01 4.85438152e+00 1.53671157e+01]
 [1.69082975e+01 3.78463904e+00 5.26469615e+00]
 [1.76714583e+01 5.66990337e+00 1.74469806e+01]
 [2.40833384e-01 8.24592434e+00 1.71518042e+01]
 [1.05555212e+00 4.65908507e+00 9.12849581e+00]
 [5.31840865e+00 5.64616253e+00 1.45058211e+01]
 [1.94518052e+01 7.08886803e+00 6.67121637e+00]
 [4.77963740e+00 8.91641321e+00 9.71771323e+00]
 [7.77623358e+00 6.51571218e+00 1.05267591e+01]
 [4.05312803e+00 1.24789254e+01 4.26699887e+00]
 [4.88379912e+00 5.71876766e+00 7.86054688e+00]
 [1.48237575e+03 2.42102814e+03 1.08074527e+03]
 [1.45362265e+01 1.36697885e+01 9.81432478e+00]
 [1.20545900e+01 1.75619779e+01 1.52633630e+01]
 [3.65619168e-01 1.05434740e+01 1.13340797e+01]
 [5.58303420e+00 3.18768179e-01 1.75307610e+01]
 [8.43201179e+00 3.24386116e-01 9.24551622e+00]
 [1.91499042e+01 3.17346684e+00 7.83989915e+00]
 [1.04675183e+01 1.91137044e+01 1.54287816e+01]
 [6.18846179e-01 8.89467350e+00 7.03758628e-01]
 [1.03768002e+01 1.94200029e+01 1.07289690e+01]
 [1.47688266e+01 1.43791863e+01 1.37688188e+00]
 [2.64388208e+04 3.19942292e+04 4.85133041e+04]
 [1.17482585e+01 9.10417365e+00 1.84788083e+01]
 [1.97116118e+01 1.60326840e+01 1.92827974e+01]
 [1.10246185e+01 1.06268995e+01 9.45415033e+00]
 [8.48416731e+00 2.01774782e+00 1.03637012e+00]
 [1.16344935e+01 1.69000253e+01 1.39190326e+01]
 [1.36975499e+01 1.26709622e+01 1.98278650e+01]
 [3.38736610e+13 4.84575704e+13 7.04545029e+13]
 [6.59121525e+02 2.54009314e+03 1.79864521e+03]
 [6.71213895e+05 6.53574710e+05 3.18081297e+05]
 [5.32535962e+02 1.32891837e+01 6.51995635e+02]
 [1.27052214e+01 1.71376002e+01 1.28298866e+00]
 [1.00484216e+01 5.33178943e+00 1.31388805e+01]
 [1.80914633e+01 1.60322623e+01 5.69006524e+00]]
