[[ 6.11901961 14.92775783  1.32753281]
 [17.0911602   1.95195196 12.92385439]
 [14.179628   18.60384682  9.24665723]
 [17.40033986  6.2693739   8.51445575]
 [ 5.77543845 10.34456076  3.1217145 ]
 [ 5.75182299  9.06501493  6.2140192 ]
 [12.19819985 19.39911779  3.40967279]
 [ 8.96625336  3.68771196  4.73467455]
 [14.97065295  7.41725108  0.98421652]
 [ 3.64954232  1.84769008 18.64078466]
 [14.59845075 11.35445528 14.86401363]
 [ 5.89205297 13.36873068 13.76600376]
 [ 7.6851804   1.92090087 16.9050618 ]
 [14.19386317 17.25357157 10.88622433]
 [15.45267587 16.33651614  4.44914097]
 [17.45980168 10.17320296  3.86132796]
 [18.97027696  5.93820242 15.82841691]
 [11.67659776 18.20477699  4.4355331 ]
 [ 4.73382124  7.97575886  6.5956069 ]
 [ 9.00107351 14.48615707 17.50241664]
 [ 1.85606489  7.54918897  4.90915274]
 [ 7.04675761  4.53895222 19.95672855]
 [ 5.64806391 14.83236433  0.35742122]
 [ 7.4002005   6.66509535 16.22884218]
 [ 2.45869101 17.05776565 13.86018693]
 [17.93156491  7.53272098  7.3884595 ]
 [15.58772869  3.75560901  5.80235426]
 [14.66677601 16.19568241  2.05028752]
 [ 4.02009396  7.4807072   1.01152473]
 [ 5.25807835  7.0235462  12.56953221]
 [ 3.97554048  7.12228667  5.89459249]
 [ 5.80625195  9.58699999 10.41182025]
 [12.11697525 15.12519776 11.86787259]
 [ 8.47767052  5.20375903 14.737833  ]
 [11.06106592 18.6515192   4.33063571]
 [16.78698359 19.77291694 10.97085396]
 [15.32393561 18.31708563  1.06402555]
 [12.3261441  13.29163919 12.85353608]
 [11.18879494  0.63634483 10.72886508]
 [ 8.20288581  2.41346764 12.98914041]
 [12.31859994 13.04835848 19.60266963]
 [ 6.59942664  1.66306945  9.44108996]
 [ 1.55290547 18.55808219 13.09446941]
 [16.87319641 14.96043835  3.62461733]
 [10.31504604  9.67518792 10.41429798]
 [17.96264823  0.90314474  0.9694364 ]
 [ 2.14415565 19.42018146 11.80963734]
 [ 1.68044625  7.50541461  8.99372022]
 [ 8.00271854 15.65032384  4.74470313]
 [ 4.82177694 11.68224716 12.05840716]
 [16.25274341 17.66027569  3.75882889]
 [14.1376589  19.46239074  0.58034929]
 [18.885759    3.84712046 18.3983575 ]
 [ 8.63217672  6.97047581  5.77668091]
 [17.03318098  7.75131712 13.51690177]
 [ 2.20732586  7.14626488  6.56003856]
 [12.97119342 12.74849391  6.36573042]
 [15.21491947  8.80618205 18.71333168]
 [ 5.5457646  16.0180451  17.73235531]
 [11.28267073  9.99452498 10.82127241]
 [18.52013784  0.40358215  7.34452613]
 [15.71636296 11.41737452  5.05095811]
 [ 3.5726806  12.19258174  4.30394586]
 [15.56400854 12.20383464  6.00964637]
 [14.3701807  10.94581704  9.99477005]
 [10.59053102 10.72536098 13.52836443]
 [18.63338394 12.71302853 11.1399812 ]
 [15.44483655 12.4338045  12.1871941 ]
 [19.17404986 16.26978668 13.26344781]
 [ 8.84282505 12.77913154  8.60647302]
 [11.23070352 14.85858584 17.59906693]
 [ 3.34993426  8.57909557 17.02152238]
 [ 3.36185903 12.88089294  2.72952426]
 [ 0.95364409 13.31871391  4.7143862 ]
 [ 2.67981215  4.75766546 11.71314076]
 [15.04093191 19.5138254  18.60562245]
 [ 2.99097237 18.53842147 18.716821  ]
 [11.85257615  0.35056338 19.21875563]
 [17.60720674 16.88374171 14.29260986]
 [17.29162552  9.61072751 14.43020434]
 [ 4.06026825 14.70318074 18.14353913]
 [ 1.25899917  1.08905835 12.70064756]
 [ 9.06369582 12.30868553  9.17453232]
 [ 7.66521451  1.32699857 15.42402006]
 [12.54506832  6.53186552 16.06972728]
 [ 4.19923536  8.04315118  5.84442698]
 [19.82303575  4.13088524  3.03595594]
 [17.78289696  7.80215963  9.05758472]
 [ 2.77450222 12.90529376  3.17727653]
 [ 8.13982588 13.88787917  7.81241213]
 [ 3.85818582  1.937679    0.33746377]
 [ 2.90920663  2.18640233 13.186763  ]
 [17.43157547 15.26656694  6.80691739]
 [ 6.88910623 11.16703906  8.77530404]
 [19.09112585  5.88066057 19.76271136]
 [15.92289565 19.65382697  9.10541421]
 [14.31491392  2.15727344  7.83497621]
 [ 8.62312186 16.13480858 18.83730414]
 [14.6089574  16.93544561 15.03845338]
 [13.39261907 19.44006042 12.69122631]]
[[ 6.11901684 14.92775819  1.32752777]
 [17.09116097  1.95195234 12.9238551 ]
 [14.17962867 18.60384774  9.24665729]
 [17.40034054  6.26937452  8.51445663]
 [ 5.77543878 10.34456101  3.12171521]
 [ 5.75182364  9.06501563  6.21401985]
 [12.19820053 19.39911815  3.40967338]
 [ 8.96625358  3.68771287  4.73467494]
 [14.97065352  7.41725137  0.98421673]
 [ 3.6495429   1.84769039 18.64078518]
 [14.59845089 11.35445533 14.86401382]
 [ 5.89205375 13.36873159 13.76600395]
 [ 7.68518096  1.92090153 16.90506198]
 [14.19386382 17.2535722  10.8862251 ]
 [15.45267602 16.33651716  4.44914148]
 [17.45980265 10.17320393  3.86132891]
 [18.97027762  5.93820276 15.82841744]
 [11.67638383 18.20493337  4.43549735]
 [ 4.73375941  7.97576456  6.5955209 ]
 [ 9.00107398 14.48615725 17.5024175 ]
 [ 1.85606536  7.54918901  4.90915398]
 [ 7.04675836  4.53895233 19.9567295 ]
 [ 5.64806729 14.83236533  0.35742737]
 [ 7.40020119  6.66509547 16.22884231]
 [ 2.45869138 17.05776648 13.86018729]
 [17.93156588  7.53272177  7.38846045]
 [15.58772944  3.75560993  5.80235425]
 [14.66677656 16.19568287  2.05028835]
 [ 4.02009488  7.48070789  1.01152561]
 [ 5.25807841  7.0235468  12.56953297]
 [ 3.97559141  7.12249003  5.89458407]
 [ 5.80625202  9.58700092 10.4118208 ]
 [12.11697585 15.12519859 11.86787353]
 [ 8.47767114  5.20375927 14.73783374]
 [11.06128074 18.65136428  4.3306727 ]
 [16.78698411 19.77291763 10.97085422]
 [15.3239362  18.31708605  1.06402572]
 [12.32614433 13.2916394  12.85353701]
 [11.18879574  0.63634562 10.72886604]
 [ 8.2028867   2.41346791 12.98914096]
 [12.3186004  13.04835856 19.60267009]
 [ 6.59942738  1.66306964  9.44109023]
 [ 1.55290601 18.55808292 13.09446959]
 [16.8731973  14.9604387   3.62461754]
 [10.31504656  9.67518874 10.41429827]
 [17.96264834  0.90314546  0.96943727]
 [ 2.14415576 19.42018246 11.80963792]
 [ 1.6804465   7.5054154   8.99372078]
 [ 8.00271873 15.6503245   4.74470341]
 [ 4.8217774  11.68224759 12.0584074 ]
 [16.25274358 17.66027587  3.75882945]
 [14.13765918 19.4623912   0.58034929]
 [18.88575917  3.8471208  18.39835845]
 [ 8.63217729  6.97047656  5.77668106]
 [17.03318169  7.75131773 13.51690179]
 [ 2.20732657  7.14626581  6.56003862]
 [12.97119373 12.7484945   6.36573074]
 [15.21492027  8.80618256 18.71333262]
 [ 5.54576485 16.01804559 17.73235541]
 [11.282671    9.99452551 10.82127303]
 [18.52013864  0.40358306  7.34452669]
 [15.71636358 11.41737534  5.05095881]
 [ 3.57268065 12.19258225  4.30394589]
 [15.56400877 12.20383456  6.00964604]
 [14.3701811  10.94581751  9.99477088]
 [10.590532   10.72536154 13.52836491]
 [18.6333847  12.7130294  11.13998152]
 [15.44483716 12.43380484 12.18719475]
 [19.17404995 16.26978683 13.26344797]
 [ 8.84284732 12.77908718  8.60652816]
 [11.23070439 14.85858584 17.59906723]
 [ 3.34993432  8.57909607 17.0215227 ]
 [ 3.36160238 12.88090406  2.72972037]
 [ 0.95364424 13.3187145   4.71438639]
 [ 2.67981278  4.75766592 11.7131409 ]
 [15.04093246 19.51382592 18.60562332]
 [ 2.99097283 18.53842242 18.71682158]
 [11.85257672  0.35056393 19.21875587]
 [17.60720685 16.88374256 14.29261056]
 [17.29162648  9.6107276  14.43020526]
 [ 4.06026842 14.70318142 18.14353962]
 [ 1.25899953  1.08905906 12.70064848]
 [ 9.06367512 12.30873125  9.17447782]
 [ 7.66521524  1.32699896 15.4240209 ]
 [12.54506853  6.53186558 16.0697282 ]
 [ 4.19924777  8.04294389  5.84452332]
 [19.82303657  4.13088562  3.03595653]
 [17.78289702  7.80216011  9.05758532]
 [ 2.77475931 12.90528408  3.17708109]
 [ 8.13982618 13.88787945  7.81241302]
 [ 3.85818676  1.9376792   0.33746438]
 [ 2.909207    2.18640262 13.18676376]
 [17.43157641 15.26656739  6.80691756]
 [ 6.88910634 11.16703917  8.77530489]
 [19.09112636  5.88066156 19.76271142]
 [15.92289564 19.65382787  9.10541519]
 [14.31491472  2.15727377  7.83497654]
 [ 8.62312272 16.13480881 18.83730501]
 [14.6089581  16.93544646 15.03845371]
 [13.39261926 19.44006107 12.69122685]]
