[[10.90852156 43.26013165 11.91399142]
 [13.27100245 41.58777316 12.07195606]
 [ 6.29425159 30.78496347 42.86469642]
 ...
 [22.7666983  44.93443313 37.3209682 ]
 [19.53473411  0.71356644 23.85944159]
 [10.22982146  7.12314194 30.63791476]]
[[10.90668354 43.25218963 11.91147151]
 [13.27021082 41.58548747 12.07119552]
 [ 6.29447251 30.78575365 42.86593911]
 ...
 [22.76706756 44.93508311 37.32150447]
 [19.53417953  0.71363454 23.85886721]
 [10.23092277  7.1239394  30.64023893]]
[[10.90390609 43.24035213 11.90769467]
 [13.2690175  41.58209988 12.07002912]
 [ 6.29473665 30.78682828 42.86762343]
 ...
 [22.76751263 44.93589574 37.32217588]
 [19.53334165  0.71369846 23.85795981]
 [10.23215427  7.12479688 30.64258032]]
[[10.90016923 43.22453358 11.90263637]
 [13.26742366 41.57761618 12.06845613]
 [ 6.2950592  30.78826028 42.86984768]
 ...
 [22.76803277 44.93686964 37.32298133]
 [19.5322196   0.7137577  23.8567181 ]
 [10.23350742  7.12570773 30.64491598]]
[[10.89548167 43.20475597 11.89630714]
 [13.26531962 41.57164276 12.06638468]
 [ 6.29542873 30.78999543 42.87253895]
 ...
 [22.76863157 44.93801188 37.32392666]
 [19.53082469  0.71381179 23.85515584]
 [10.23501473  7.12669178 30.64734068]]
