[[19.29128804 13.80524707  3.95152757]
 [17.8000345  18.88880136 13.40259073]
 [ 9.22514266  0.75305418 10.32465864]
 [17.44736836 18.81695627 14.30953347]
 [ 7.4122134   4.00264806 14.14921631]
 [ 1.80790141 14.97050866  8.29242578]
 [12.74762237  3.28086701  6.0864028 ]
 [ 9.84280711  5.26055842 10.62619998]
 [ 8.28080546  3.51615288  4.52795227]
 [ 3.2154419  16.23434991 10.03373904]
 [16.35267274  9.20165961  5.67085557]
 [17.41873726  5.38227701  4.81361795]
 [13.12926126 12.6728525   4.44515537]
 [17.95120597  3.18088074 16.22177028]
 [ 4.52583122  9.9587052   9.24633914]
 [11.65927272  4.79709655  9.02410115]
 [ 0.43104582  0.79430968 19.27942679]
 [13.75116505 10.69176713 11.90044005]
 [14.04530539  1.57957713 11.73535116]
 [ 6.40499973  9.45185599  0.94526836]
 [16.03347416 16.4169263   7.33116984]
 [ 6.46708658 10.91995398 12.39967047]
 [ 9.04855509  7.06267335  8.15270361]
 [ 6.88989795  9.90488948  6.37499019]
 [ 1.46411305 10.95015073  2.28578005]
 [ 3.32375523  9.78676294  3.03126962]
 [17.64467496  7.65528121  8.70988912]
 [15.0395247  19.35304313 15.89287269]
 [ 0.39917957  1.0134123  19.33684947]
 [ 4.74384077  5.93014611 17.32980607]
 [ 0.7981194   6.18599932  4.05922622]
 [ 1.93549866  5.84425511 10.59766527]
 [ 0.95012171  9.03998772  7.29791276]
 [ 7.21553674 12.10825885  7.95051571]
 [14.86008483  0.74794807 14.21650944]
 [16.88373625 13.55957569  9.69455626]
 [ 7.62888945  0.65533859 16.13833189]
 [ 6.38026495  2.4538925  15.41654363]
 [13.3991644  17.06708473 15.50042149]
 [ 1.38482824 19.47007266  5.82870145]
 [17.58100724  3.87852741 19.38088554]
 [ 4.11062862 11.84529769  3.11189899]
 [17.31337059  1.11754657 14.98088876]
 [ 2.26876493 10.4980475   9.5573201 ]
 [ 6.27198058  7.53159036  4.25669814]
 [ 3.48297799  8.68912262 10.59417868]
 [ 1.37159931 16.56706126  0.02080843]
 [ 4.00932708  4.19896298  9.57112298]
 [ 6.60472029  5.46853882 16.19132655]
 [ 5.31544471 17.25465912 10.94593349]
 [ 3.66074739  8.51125588 12.90379149]
 [ 7.14946022  1.72983197 18.23746064]
 [11.54902452  9.69654369 13.18130405]
 [ 7.30239696  3.34081484 19.9772652 ]
 [13.38946202  1.83153762 18.98506618]
 [ 0.74662216 16.93731813 18.96089706]
 [ 8.5890058   6.68365495  7.55324058]
 [11.34386209  5.19857505  5.17833126]
 [17.20473721  1.76003663  4.548609  ]
 [ 1.98274215 18.14853306 18.6465145 ]
 [15.23980618 14.98956119 15.38897578]
 [ 7.96172353 17.23059879 11.42448784]
 [15.18400787 17.61541026 10.94333769]
 [12.71923365 16.9240047   9.77553483]
 [14.41257028 13.48666628 15.64931643]
 [12.80533684 12.24442056  5.17920784]
 [ 8.01116177 17.00469321  2.17477803]
 [ 3.96988844  7.39786575 16.36213031]
 [15.7876186  10.92066114  6.46680071]
 [19.22343914  2.3147136  14.84215647]
 [ 1.86360168  3.57894465 16.91883609]
 [ 6.3954596  18.71522913 17.61665564]
 [11.87804316  3.54916119  4.21658861]
 [13.62851067 16.27613552  5.33806352]
 [ 1.35030521 19.26718149  8.45248279]
 [ 2.77407801  9.97255958  5.77157699]
 [16.60439464  8.39347348  8.31918163]
 [ 8.73798963  2.18958092 12.9888493 ]
 [ 0.91765892  1.72141346 15.49694136]
 [ 6.72517156  8.92073254 13.48192313]
 [12.79472473  3.60339277  3.67391057]
 [19.37247894 10.55691071 10.81604739]
 [ 3.02653458  8.64829047 16.37755228]
 [15.22841812 18.42396199 16.84147971]
 [13.6389475  17.18340526  5.04029444]
 [19.32461293 14.41993695 16.38504428]
 [ 1.87096243  4.80090452 13.90260578]
 [12.56605364 11.74989681 19.01304873]
 [13.24821863  4.51875355 18.26444536]
 [13.3943631   1.50510263  0.21164725]
 [13.90783449  4.44845924  8.01404992]
 [ 8.96281646  3.66423565 12.5180176 ]
 [ 2.44304054  1.23160097 15.50409606]
 [19.26554092  4.88462575 10.45038284]
 [ 8.09342038  7.27040941  4.60992841]
 [ 2.03546216 17.79772973  0.9789377 ]
 [15.96794497 15.82827227  8.37890071]
 [13.31386725  5.14353889 10.27534224]
 [12.28161482  6.85759124  9.38540092]
 [ 7.42963328 14.07841643 11.06511049]]
[[1.92914544e+01 1.38054025e+01 3.95157327e+00]
 [1.77845121e+01 1.88955240e+01 1.34810082e+01]
 [9.22348683e+00 7.53156260e-01 1.03233352e+01]
 [1.74861169e+01 1.88347551e+01 1.42491030e+01]
 [7.41203838e+00 4.00244067e+00 1.41483399e+01]
 [1.80799727e+00 1.49710106e+01 8.29275275e+00]
 [1.27457385e+01 3.28042476e+00 6.08538647e+00]
 [9.84179309e+00 5.26001640e+00 1.06256695e+01]
 [8.28119125e+00 3.51624667e+00 4.52800894e+00]
 [3.21590448e+00 1.62365853e+01 1.00351574e+01]
 [1.63529953e+01 9.20186353e+00 5.67094247e+00]
 [1.74182386e+01 5.38219505e+00 4.81357266e+00]
 [1.31303094e+01 1.26737305e+01 4.44645108e+00]
 [1.79447129e+01 3.17956876e+00 1.62155776e+01]
 [4.52612640e+00 9.95900311e+00 9.24662876e+00]
 [1.16600179e+01 4.79740529e+00 9.02403307e+00]
 [7.88685813e+06 2.18231837e+07 3.91660867e+08]
 [1.37526732e+01 1.06929331e+01 1.19015784e+01]
 [1.40493397e+01 1.58004770e+00 1.17382828e+01]
 [6.40509751e+00 9.45202635e+00 9.45310336e-01]
 [1.59988237e+01 1.63761293e+01 7.32636149e+00]
 [6.46864130e+00 1.09229411e+01 1.24027353e+01]
 [9.12868882e+00 7.12322646e+00 8.20588638e+00]
 [6.88992081e+00 9.90496079e+00 6.37512724e+00]
 [1.46430464e+00 1.09523914e+01 2.28618481e+00]
 [3.32397041e+00 9.78711927e+00 3.03144622e+00]
 [1.76462313e+01 7.65561412e+00 8.71056749e+00]
 [1.50421797e+01 1.93571302e+01 1.58959033e+01]
 [8.91422530e+06 1.47593181e+07 3.89809561e+08]
 [4.74300551e+00 5.92939601e+00 1.73266566e+01]
 [7.98136864e-01 6.18599582e+00 4.05928894e+00]
 [1.93571431e+00 5.84512787e+00 1.05991092e+01]
 [9.50285646e-01 9.04076719e+00 7.29860638e+00]
 [7.21574427e+00 1.21085898e+01 7.95069013e+00]
 [1.48595851e+01 7.47969393e-01 1.42161570e+01]
 [1.68841131e+01 1.35598046e+01 9.69478022e+00]
 [7.62895878e+00 6.55356883e-01 1.61383317e+01]
 [6.38129150e+00 2.45447201e+00 1.54196521e+01]
 [1.34001179e+01 1.70684625e+01 1.55015707e+01]
 [1.38488783e+00 1.94700418e+01 5.82871614e+00]
 [1.75771210e+01 3.87763933e+00 1.93762956e+01]
 [4.11069058e+00 1.18453413e+01 3.11200702e+00]
 [1.73113813e+01 1.11755370e+00 1.49791557e+01]
 [2.26924313e+00 1.05004576e+01 9.55954569e+00]
 [6.27288072e+00 7.53251890e+00 4.25717975e+00]
 [3.48301670e+00 8.68928097e+00 1.05943269e+01]
 [1.37163573e+00 1.65655874e+01 2.09727245e-02]
 [4.00929515e+00 4.19872864e+00 9.57071040e+00]
 [6.60479594e+00 5.46876800e+00 1.61920442e+01]
 [5.31569673e+00 1.72547407e+01 1.09459033e+01]
 [3.66103015e+00 8.51161116e+00 1.29043380e+01]
 [7.14948537e+00 1.72996213e+00 1.82374683e+01]
 [1.15507362e+01 9.69807790e+00 1.31833264e+01]
 [7.30234849e+00 3.34079736e+00 1.99771359e+01]
 [1.33897427e+01 1.83161694e+00 1.89854070e+01]
 [7.46673787e-01 1.69367912e+01 1.89601432e+01]
 [8.75756528e+00 6.81710806e+00 7.72184860e+00]
 [1.13463864e+01 5.20011817e+00 5.17960699e+00]
 [1.72039283e+01 1.76011399e+00 4.54853128e+00]
 [1.98268446e+00 1.81477248e+01 1.86457117e+01]
 [1.52398399e+01 1.49896949e+01 1.53890978e+01]
 [7.96159990e+00 1.72312578e+01 1.14247090e+01]
 [1.51840912e+01 1.76154346e+01 1.09433357e+01]
 [1.27205191e+01 1.69258164e+01 9.77663677e+00]
 [1.44126337e+01 1.34867086e+01 1.56493993e+01]
 [1.28070981e+01 1.22463116e+01 5.17897833e+00]
 [8.01119902e+00 1.70047455e+01 2.17484430e+00]
 [3.95655297e+00 7.38490095e+00 1.63227734e+01]
 [1.57877996e+01 1.09208235e+01 6.46690505e+00]
 [1.92166030e+01 2.31414134e+00 1.48376944e+01]
 [1.86346327e+00 3.57880711e+00 1.69188940e+01]
 [6.39553677e+00 1.87153828e+01 1.76168176e+01]
 [1.18424582e+01 3.47207177e+00 3.94252391e+00]
 [1.36269332e+01 1.62726777e+01 5.33792790e+00]
 [1.35032084e+00 1.92670453e+01 8.45243964e+00]
 [2.77412435e+00 9.97245587e+00 5.77153459e+00]
 [1.66087440e+01 8.39616135e+00 8.32158403e+00]
 [8.73386144e+00 2.18950147e+00 1.29817654e+01]
 [9.18020141e-01 1.72072016e+00 1.54914092e+01]
 [6.72629428e+00 8.92177712e+00 1.34839411e+01]
 [1.21849009e+01 3.49322549e+00 3.74168191e+00]
 [1.93732917e+01 1.05574231e+01 1.08164637e+01]
 [3.02355685e+00 8.62305687e+00 1.63395817e+01]
 [1.52306421e+01 1.84260515e+01 1.68438473e+01]
 [1.36385152e+01 1.71844470e+01 5.03969255e+00]
 [1.93243520e+01 1.44197690e+01 1.63847977e+01]
 [1.87102100e+00 4.80088109e+00 1.39026010e+01]
 [1.25666808e+01 1.17504735e+01 1.90139914e+01]
 [1.32470982e+01 4.51833532e+00 1.82626563e+01]
 [1.33953146e+01 1.50518143e+00 2.11631452e-01]
 [1.39063225e+01 4.44791676e+00 8.01296701e+00]
 [8.95834847e+00 3.66144727e+00 1.25122382e+01]
 [2.44208253e+00 1.23159324e+00 1.55014186e+01]
 [1.92656784e+01 4.88470991e+00 1.04504295e+01]
 [8.09350012e+00 7.27053841e+00 4.61007326e+00]
 [2.03526167e+00 1.77959959e+01 9.78743045e-01]
 [1.59347169e+01 1.58006935e+01 8.35042129e+00]
 [1.33181282e+01 5.14500697e+00 1.02791497e+01]
 [1.22839840e+01 6.85892084e+00 9.38676995e+00]
 [7.43177184e+00 1.40821238e+01 1.10681800e+01]]
[[1.92916782e+01 1.38055981e+01 3.95162920e+00]
 [1.92031825e+01 5.57566084e-01 1.51571311e+01]
 [9.22098472e+00 7.53297494e-01 1.03213412e+01]
 [1.92388957e+01 5.64840253e-01 1.50660094e+01]
 [7.41175344e+00 4.00210276e+00 1.41470041e+01]
 [1.80811154e+00 1.49717115e+01 8.29318358e+00]
 [1.27431173e+01 3.27977946e+00 6.08395706e+00]
 [9.84023744e+00 5.25917093e+00 1.06248253e+01]
 [8.28174484e+00 3.51638090e+00 4.52807958e+00]
 [3.21656081e+00 1.62399302e+01 1.00372821e+01]
 [1.63534480e+01 9.20214003e+00 5.67102872e+00]
 [1.74174747e+01 5.38201963e+00 4.81345521e+00]
 [1.31318826e+01 1.26750470e+01 4.44842195e+00]
 [1.79349715e+01 3.17755475e+00 1.62063041e+01]
 [4.52654753e+00 9.95941655e+00 9.24704506e+00]
 [1.16611095e+01 4.79786226e+00 9.02393927e+00]
 [1.57737158e+07 4.36463667e+07 7.83321715e+08]
 [1.37549448e+01 1.06946594e+01 1.19033096e+01]
 [1.40553392e+01 1.58073030e+00 1.17426660e+01]
 [6.40524019e+00 9.45227804e+00 9.45354494e-01]
 [1.59425316e+01 1.63093425e+01 7.31953929e+00]
 [6.47094368e+00 1.09273767e+01 1.24072573e+01]
 [1.27827681e+01 9.94921442e+00 1.12590598e+01]
 [6.88995690e+00 9.90504277e+00 6.37530050e+00]
 [1.46457590e+00 1.09557059e+01 2.28676647e+00]
 [3.32427922e+00 9.78761531e+00 3.03169748e+00]
 [1.76485172e+01 7.65607017e+00 8.71156199e+00]
 [1.50464454e+01 1.93637020e+01 1.59007749e+01]
 [1.78284502e+07 2.95186353e+07 7.79619102e+08]
 [4.74174007e+00 5.92828902e+00 1.73220113e+01]
 [7.98148510e-01 6.18594956e+00 4.05934326e+00]
 [1.93599574e+00 5.84639036e+00 1.06012096e+01]
 [9.50490692e-01 9.04195865e+00 7.29963682e+00]
 [7.21603086e+00 1.21090673e+01 7.95094743e+00]
 [1.48588337e+01 7.47985096e-01 1.42155930e+01]
 [1.68846515e+01 1.35601609e+01 9.69510804e+00]
 [7.62904107e+00 6.55368221e-01 1.61383274e+01]
 [6.38276364e+00 2.45528975e+00 1.54242113e+01]
 [1.34016356e+01 1.70706398e+01 1.55034269e+01]
 [1.38494652e+00 1.94699871e+01 5.82873012e+00]
 [1.75712925e+01 3.87627740e+00 1.93694489e+01]
 [4.11077253e+00 1.18454086e+01 3.11212521e+00]
 [1.73083847e+01 1.11755375e+00 1.49765408e+01]
 [2.26992634e+00 1.05040400e+01 9.56281256e+00]
 [6.27416447e+00 7.53386647e+00 4.25786811e+00]
 [3.48305921e+00 8.68950194e+00 1.05945283e+01]
 [1.37165767e+00 1.65633382e+01 2.12149285e-02]
 [4.00925864e+00 4.19837559e+00 9.57011862e+00]
 [6.60486155e+00 5.46908407e+00 1.61930551e+01]
 [5.31605003e+00 1.72547720e+01 1.09458117e+01]
 [3.66144963e+00 8.51214204e+00 1.29051625e+01]
 [7.14945641e+00 1.73011567e+00 1.82373985e+01]
 [1.15532369e+01 9.70032064e+00 1.31863309e+01]
 [7.30223795e+00 3.34075529e+00 1.99768591e+01]
 [1.33901195e+01 1.83170407e+00 1.89858943e+01]
 [7.46750605e-01 1.69359805e+01 1.89590271e+01]
 [1.33829353e+01 1.04442561e+01 1.20420145e+01]
 [1.13500634e+01 5.20236450e+00 5.18145399e+00]
 [1.72026527e+01 1.76018599e+00 4.54835234e+00]
 [1.98255229e+00 1.81464844e+01 1.86445085e+01]
 [1.52398985e+01 1.49898622e+01 1.53892539e+01]
 [7.96139194e+00 1.72321588e+01 1.14249947e+01]
 [1.51841714e+01 1.76154313e+01 1.09433220e+01]
 [1.27224853e+01 1.69285508e+01 9.77828852e+00]
 [1.44126964e+01 1.34867498e+01 1.56494814e+01]
 [1.28097748e+01 1.22491434e+01 5.17859214e+00]
 [8.01122992e+00 1.70047901e+01 2.17490753e+00]
 [3.93551304e+00 7.36465357e+00 1.62609732e+01]
 [1.57880427e+01 1.09210269e+01 6.46704536e+00]
 [1.92063765e+01 2.31324678e+00 1.48310040e+01]
 [1.86326119e+00 3.57864862e+00 1.69192191e+01]
 [6.39562449e+00 1.87156198e+01 1.76170839e+01]
 [1.84386405e+06 5.21042337e+05 5.36190602e+05]
 [1.36245493e+01 1.62674800e+01 5.33770379e+00]
 [1.35033358e+00 1.92667903e+01 8.45234760e+00]
 [2.77415043e+00 9.97229164e+00 5.77147093e+00]
 [1.66152767e+01 8.40017479e+00 8.32519742e+00]
 [8.72765678e+00 2.18937560e+00 1.29711100e+01]
 [9.18558087e-01 1.71968805e+00 1.54832065e+01]
 [6.72795442e+00 8.92335024e+00 1.34869777e+01]
 [1.72583984e+06 5.13751628e+05 6.05411582e+05]
 [1.93744509e+01 1.05581319e+01 1.08170571e+01]
 [3.01886252e+00 8.58323789e+00 1.62797772e+01]
 [1.52335650e+01 1.84286512e+01 1.68469260e+01]
 [1.36379426e+01 1.71860832e+01 5.03880399e+00]
 [1.93237692e+01 1.44194025e+01 1.63842635e+01]
 [1.87107499e+00 4.80084361e+00 1.39025684e+01]
 [1.25675462e+01 1.17512953e+01 1.90152962e+01]
 [1.32454304e+01 4.51767021e+00 1.82599870e+01]
 [1.33967414e+01 1.50529990e+00 2.11587354e-01]
 [1.39040534e+01 4.44710093e+00 8.01132807e+00]
 [8.95161380e+00 3.65725110e+00 1.25035156e+01]
 [2.44060505e+00 1.23153893e+00 1.54972617e+01]
 [1.92658482e+01 4.88480481e+00 1.04504860e+01]
 [8.09362019e+00 7.27069473e+00 4.61024429e+00]
 [2.03491254e+00 1.77933657e+01 9.78404998e-01]
 [1.58808750e+01 1.57565162e+01 8.30320044e+00]
 [1.33244768e+01 5.14720079e+00 1.02848166e+01]
 [1.22875501e+01 6.86089633e+00 9.38884487e+00]
 [7.43499569e+00 1.40876758e+01 1.10727874e+01]]
[[1.92919313e+01 1.38058153e+01 3.95169119e+00]
 [8.00277615e+13 2.35237550e+12 6.26159704e+13]
 [9.21773327e+00 7.53484085e-01 1.03187863e+01]
 [7.98469107e+13 2.31553929e+12 6.30774081e+13]
 [7.41137164e+00 4.00164414e+00 1.41452378e+01]
 [1.80824451e+00 1.49726379e+01 8.29373386e+00]
 [1.27402224e+01 3.27903399e+00 6.08242023e+00]
 [9.83834101e+00 5.25811666e+00 1.06238972e+01]
 [8.28245386e+00 3.51657584e+00 4.52819582e+00]
 [3.21740715e+00 1.62443531e+01 1.00400932e+01]
 [1.63540984e+01 9.20252049e+00 5.67113415e+00]
 [1.74164583e+01 5.38175186e+00 4.81327001e+00]
 [1.31340353e+01 1.26768513e+01 4.45110777e+00]
 [1.79236548e+01 3.17528980e+00 1.61955730e+01]
 [4.52710634e+00 9.95998537e+00 9.24762110e+00]
 [1.16623744e+01 4.79841023e+00 9.02370291e+00]
 [2.36605735e+07 6.54695497e+07 1.17498256e+09]
 [9.66400955e+02 7.52394297e+02 8.98300099e+02]
 [1.40628961e+01 1.58155531e+00 1.17481573e+01]
 [6.40543129e+00 9.45261666e+00 9.45399334e-01]
 [1.58582789e+01 1.62074700e+01 7.31322112e+00]
 [6.47400324e+00 1.09332819e+01 1.24132706e+01]
 [1.64355765e+01 1.27742592e+01 1.43115263e+01]
 [6.89005556e+00 9.90522845e+00 6.37555522e+00]
 [1.46492619e+00 1.09600834e+01 2.28752533e+00]
 [3.32468361e+00 9.78826054e+00 3.03202452e+00]
 [1.76515885e+01 7.65665782e+00 8.71289716e+00]
 [1.50507744e+01 1.93705850e+01 1.59056223e+01]
 [2.67426751e+07 4.42779524e+07 1.16942864e+09]
 [4.74009413e+00 5.92685808e+00 1.73160305e+01]
 [7.98153920e-01 6.18586720e+00 4.05939206e+00]
 [1.93634095e+00 5.84802380e+00 1.06039344e+01]
 [9.50735366e-01 9.04360003e+00 7.30102935e+00]
 [7.21639109e+00 1.21096795e+01 7.95128211e+00]
 [1.48581178e+01 7.48015858e-01 1.42151143e+01]
 [1.68851403e+01 1.35604843e+01 9.69542941e+00]
 [7.62914000e+00 6.55373275e-01 1.61383285e+01]
 [6.38465463e+00 2.45632946e+00 1.54301427e+01]
 [1.34031111e+01 1.70727988e+01 1.55052081e+01]
 [1.38500434e+00 1.94699140e+01 5.82874491e+00]
 [1.75642098e+01 3.87464654e+00 1.93611678e+01]
 [4.11087514e+00 1.18455022e+01 3.11225375e+00]
 [1.73052453e+01 1.11764621e+00 1.49738816e+01]
 [2.27081067e+00 1.05087579e+01 9.56709266e+00]
 [6.27575745e+00 7.53552692e+00 4.25872898e+00]
 [3.48310359e+00 8.68977740e+00 1.05947739e+01]
 [1.37166500e+00 1.65603012e+01 2.15357110e-02]
 [4.00924964e+00 4.19794776e+00 9.56945970e+00]
 [6.60490546e+00 5.46946869e+00 1.61943267e+01]
 [5.31654566e+00 1.72549277e+01 1.09457683e+01]
 [3.66201523e+00 8.51287717e+00 1.29063001e+01]
 [7.14936121e+00 1.73028679e+00 1.82372127e+01]
 [1.15570648e+01 9.70374586e+00 1.31910858e+01]
 [7.30205865e+00 3.34068201e+00 1.99764111e+01]
 [1.33905764e+01 1.83179577e+00 1.89865026e+01]
 [7.46854342e-01 1.69348324e+01 1.89574854e+01]
 [1.04740921e+03 8.07434944e+02 8.74133662e+02]
 [1.13547677e+01 5.20519055e+00 5.18375324e+00]
 [1.72009112e+01 1.76024219e+00 4.54808181e+00]
 [1.98234495e+00 1.81447966e+01 1.86428888e+01]
 [1.52398981e+01 1.49899827e+01 1.53893538e+01]
 [7.96122446e+00 1.72336185e+01 1.14255510e+01]
 [1.51844827e+01 1.76156811e+01 1.09434595e+01]
 [1.27247147e+01 1.69316196e+01 9.78017290e+00]
 [1.44127668e+01 1.34867976e+01 1.56495727e+01]
 [1.28135136e+01 1.22530576e+01 5.17808012e+00]
 [8.01125033e+00 1.70048172e+01 2.17496702e+00]
 [3.90524817e+00 7.33599556e+00 1.61726669e+01]
 [1.57883190e+01 1.09212533e+01 6.46721192e+00]
 [1.91962632e+01 2.31291137e+00 1.48247279e+01]
 [1.86299780e+00 3.57848115e+00 1.69198531e+01]
 [6.39567933e+00 1.87157859e+01 1.76173052e+01]
 [3.68771626e+06 1.04208120e+06 1.07237726e+06]
 [1.36216410e+01 1.62608830e+01 5.33748682e+00]
 [1.35034343e+00 1.92664315e+01 8.45221306e+00]
 [2.77415695e+00 9.97207220e+00 5.77138838e+00]
 [1.66236926e+01 8.40540656e+00 8.32989226e+00]
 [8.71945609e+00 2.18923991e+00 1.29570142e+01]
 [9.19276991e-01 1.71831504e+00 1.54723263e+01]
 [6.73015916e+00 8.92546564e+00 1.34910346e+01]
 [3.45166749e+06 1.02749976e+06 1.21081942e+06]
 [1.93762177e+01 1.05591508e+01 1.08179632e+01]
 [3.01219104e+00 8.52589430e+00 1.61938909e+01]
 [1.52383942e+01 1.84332904e+01 1.68522163e+01]
 [1.36370856e+01 1.71881258e+01 5.03759154e+00]
 [1.93234993e+01 1.44192625e+01 1.63839874e+01]
 [1.87112454e+00 4.80079301e+00 1.39025103e+01]
 [1.25688107e+01 1.17525027e+01 1.90172290e+01]
 [1.32433421e+01 4.51682944e+00 1.82566377e+01]
 [1.33985528e+01 1.50545509e+00 2.11520191e-01]
 [1.39010106e+01 4.44599904e+00 8.00913775e+00]
 [8.94266455e+00 3.65166417e+00 1.24919368e+01]
 [2.43859263e+00 1.23143451e+00 1.54915619e+01]
 [1.92660194e+01 4.88489917e+00 1.04505374e+01]
 [8.09379883e+00 7.27089530e+00 4.61044689e+00]
 [2.03441273e+00 1.77898039e+01 9.77922838e-01]
 [1.58005773e+01 1.56925838e+01 8.22872831e+00]
 [1.33329678e+01 5.15016935e+00 1.02923795e+01]
 [1.22922003e+01 6.86343936e+00 9.39154842e+00]
 [7.43922592e+00 1.40948900e+01 1.10787897e+01]]
[[1.92922308e+01 1.38060654e+01 3.95176176e+00]
 [1.60055523e+14 4.70475100e+12 1.25231941e+14]
 [9.21372131e+00 7.53701607e-01 1.03156538e+01]
 [1.59693821e+14 4.63107857e+12 1.26154816e+14]
 [7.41090383e+00 4.00106648e+00 1.41430638e+01]
 [1.80839270e+00 1.49737160e+01 8.29436495e+00]
 [1.27369973e+01 3.27819597e+00 6.08075298e+00]
 [9.83621464e+00 5.25689243e+00 1.06230101e+01]
 [8.28329267e+00 3.51682770e+00 4.52834551e+00]
 [3.21844951e+00 1.62499021e+01 1.00436194e+01]
 [1.63548230e+01 9.20294410e+00 5.67122662e+00]
 [1.74151778e+01 5.38139197e+00 4.81301446e+00]
 [1.31368338e+01 1.26792033e+01 4.45456336e+00]
 [1.79091325e+01 3.17232835e+00 1.61817966e+01]
 [4.52781714e+00 9.96075040e+00 9.24839476e+00]
 [1.16636951e+01 4.79902484e+00 9.02323781e+00]
 [3.15474312e+07 8.72927326e+07 1.56664341e+09]
 [1.91904691e+03 1.49409389e+03 1.78469683e+03]
 [1.40723145e+01 1.58259170e+00 1.17550204e+01]
 [6.40568054e+00 9.45305697e+00 9.45444616e-01]
 [1.57423163e+01 1.60567142e+01 7.32627555e+00]
 [6.47772158e+00 1.09404535e+01 1.24205399e+01]
 [8.84157299e-02 1.55993310e+01 1.73640217e+01]
 [6.89024509e+00 9.90556309e+00 6.37591777e+00]
 [1.46535354e+00 1.09654856e+01 2.28845608e+00]
 [3.32518653e+00 9.78906662e+00 3.03243001e+00]
 [1.76553038e+01 7.65733336e+00 8.71451331e+00]
 [1.50553127e+01 1.93779723e+01 1.59106002e+01]
 [3.56569000e+07 5.90372695e+07 1.55923818e+09]
 [4.73813013e+00 5.92514697e+00 1.73089136e+01]
 [7.98153036e-01 6.18575321e+00 4.05943834e+00]
 [1.93674755e+00 5.85001667e+00 1.06072579e+01]
 [9.51019054e-01 9.04573195e+00 7.30281713e+00]
 [7.21679748e+00 1.21103725e+01 7.95166186e+00]
 [1.48571736e+01 7.48040477e-01 1.42144460e+01]
 [1.68857799e+01 1.35609342e+01 9.69584667e+00]
 [7.62925479e+00 6.55371243e-01 1.61383322e+01]
 [6.38695354e+00 2.45759656e+00 1.54374221e+01]
 [1.34047190e+01 1.70751718e+01 1.55071236e+01]
 [1.38506114e+00 1.94698172e+01 5.82875907e+00]
 [1.75552038e+01 3.87254767e+00 1.93506502e+01]
 [4.11100081e+00 1.18456305e+01 3.11239426e+00]
 [1.73011067e+01 1.11773238e+00 1.49703467e+01]
 [2.27188792e+00 1.05145387e+01 9.57231971e+00]
 [6.27763011e+00 7.53746474e+00 4.25974446e+00]
 [3.48314735e+00 8.69009890e+00 1.05950528e+01]
 [1.37165826e+00 1.65564898e+01 2.19345826e-02]
 [4.00928258e+00 4.19745543e+00 9.56877477e+00]
 [6.60489919e+00 5.46990510e+00 1.61957779e+01]
 [5.31714033e+00 1.72550307e+01 1.09456654e+01]
 [3.66274580e+00 8.51387053e+00 1.29078339e+01]
 [7.14920147e+00 1.73047947e+00 1.82369202e+01]
 [1.15611522e+01 9.70740528e+00 1.31961065e+01]
 [7.30181096e+00 3.34058099e+00 1.99757963e+01]
 [1.33911272e+01 1.83189508e+00 1.89872544e+01]
 [7.46984608e-01 1.69333847e+01 1.89555621e+01]
 [2.08143542e+03 1.60442558e+03 1.73622526e+03]
 [1.13605581e+01 5.20861444e+00 5.18652677e+00]
 [1.71987695e+01 1.76029907e+00 4.54773033e+00]
 [1.98206294e+00 1.81426705e+01 1.86408622e+01]
 [1.52398689e+01 1.49900860e+01 1.53894283e+01]
 [7.96098971e+00 1.72353662e+01 1.14262069e+01]
 [1.51849737e+01 1.76161222e+01 1.09437129e+01]
 [1.27274703e+01 1.69353995e+01 9.78248638e+00]
 [1.44128382e+01 1.34868458e+01 1.56496658e+01]
 [1.28182307e+01 1.22579763e+01 5.17739352e+00]
 [8.01126492e+00 1.70048376e+01 2.17502352e+00]
 [3.86287248e+00 7.29684573e+00 1.60501938e+01]
 [1.57886787e+01 1.09215353e+01 6.46742071e+00]
 [1.91827999e+01 2.31225759e+00 1.48162538e+01]
 [1.86267706e+00 3.57830758e+00 1.69208350e+01]
 [6.39572549e+00 1.87159627e+01 1.76175587e+01]
 [5.53156847e+06 1.56312007e+06 1.60856392e+06]
 [1.36181209e+01 1.62527753e+01 5.33725533e+00]
 [1.35035010e+00 1.92659549e+01 8.45203019e+00]
 [2.77414488e+00 9.97180286e+00 5.77128980e+00]
 [1.66346453e+01 8.41212539e+00 8.33593997e+00]
 [8.70924205e+00 2.18907976e+00 1.29394385e+01]
 [9.20184315e-01 1.71658993e+00 1.54587323e+01]
 [6.73302156e+00 8.92829153e+00 1.34963899e+01]
 [5.17749514e+06 1.54124790e+06 1.81622726e+06]
 [1.93783120e+01 1.05603497e+01 1.08190404e+01]
 [3.00310537e+00 8.44551059e+00 1.60740168e+01]
 [1.52450140e+01 1.84398254e+01 1.68595896e+01]
 [1.36361936e+01 1.71908939e+01 5.03613739e+00]
 [1.93234476e+01 1.44192849e+01 1.63838900e+01]
 [1.87116988e+00 4.80072994e+00 1.39024298e+01]
 [1.25703230e+01 1.17539579e+01 1.90195434e+01]
 [1.32407603e+01 4.51575826e+00 1.82524846e+01]
 [1.34007504e+01 1.50564369e+00 2.11430612e-01]
 [1.38971057e+01 4.44460784e+00 8.00635195e+00]
 [8.93150875e+00 3.64465944e+00 1.24775218e+01]
 [2.43602528e+00 1.23128072e+00 1.54842578e+01]
 [1.92662170e+01 4.88500307e+00 1.04505958e+01]
 [8.09404126e+00 7.27114448e+00 4.61068361e+00]
 [2.03376455e+00 1.77853465e+01 9.77296574e-01]
 [1.56927342e+01 1.56178151e+01 8.10577059e+00]
 [1.33438508e+01 5.15395075e+00 1.03020191e+01]
 [1.22973482e+01 6.86629106e+00 9.39446037e+00]
 [7.44461788e+00 1.41041214e+01 1.10864536e+01]]
[[1.92925782e+01 1.38063495e+01 3.95184108e+00]
 [2.40083284e+14 7.05712649e+12 1.87847911e+14]
 [9.20894312e+00 7.53950366e-01 1.03119392e+01]
 [2.39540732e+14 6.94661786e+12 1.89232224e+14]
 [7.41035096e+00 4.00037039e+00 1.41404848e+01]
 [1.80855751e+00 1.49749510e+01 8.29507905e+00]
 [1.27334366e+01 3.27726418e+00 6.07895288e+00]
 [9.83385927e+00 5.25549845e+00 1.06221656e+01]
 [8.28425972e+00 3.51713579e+00 4.52852758e+00]
 [3.21968603e+00 1.62565725e+01 1.00478582e+01]
 [1.63556133e+01 9.20340631e+00 5.67130384e+00]
 [1.74136311e+01 5.38093940e+00 4.81268808e+00]
 [1.31403827e+01 1.26821980e+01 4.45886717e+00]
 [1.78914162e+01 3.16867103e+00 1.61649847e+01]
 [4.52867991e+00 9.96171262e+00 9.24936671e+00]
 [1.16650667e+01 4.79970347e+00 9.02253980e+00]
 [3.94342889e+07 1.09115916e+08 1.95830426e+09]
 [2.87169283e+03 2.23579346e+03 2.67109354e+03]
 [1.40835929e+01 1.58383998e+00 1.17632542e+01]
 [6.40598813e+00 9.45359948e+00 9.45490346e-01]
 [1.61710752e+01 1.63284145e+01 7.86796133e+00]
 [6.48209677e+00 1.09488851e+01 1.24290590e+01]
 [3.74126011e+00 1.84242646e+01 4.16364420e-01]
 [6.89052621e+00 9.90604812e+00 6.37638905e+00]
 [1.46585845e+00 1.09719131e+01 2.28955886e+00]
 [3.32578766e+00 9.79003327e+00 3.03291383e+00]
 [1.76596520e+01 7.65809040e+00 8.71640508e+00]
 [1.50600994e+01 1.93859207e+01 1.59157495e+01]
 [4.45711249e+07 7.37965866e+07 1.94904773e+09]
 [4.73592357e+00 5.92321090e+00 1.73009063e+01]
 [7.98145770e-01 6.18560756e+00 4.05948203e+00]
 [1.93721521e+00 5.85236648e+00 1.06111762e+01]
 [9.51341257e-01 9.04835337e+00 7.30499925e+00]
 [7.21724919e+00 1.21111444e+01 7.95208554e+00]
 [1.48560038e+01 7.48058871e-01 1.42135908e+01]
 [1.68865904e+01 1.35615262e+01 9.69637008e+00]
 [7.62938573e+00 6.55362085e-01 1.61383391e+01]
 [6.38965637e+00 2.45908980e+00 1.54460376e+01]
 [1.34064804e+01 1.70777902e+01 1.55092010e+01]
 [1.38511700e+00 1.94696972e+01 5.82877267e+00]
 [1.75442876e+01 3.86998307e+00 1.93379117e+01]
 [4.11114955e+00 1.18457936e+01 3.11254680e+00]
 [1.72959681e+01 1.11781263e+00 1.49659352e+01]
 [2.27315838e+00 1.05213797e+01 9.57849141e+00]
 [6.27978194e+00 7.53967892e+00 4.26091401e+00]
 [3.48319028e+00 8.69046552e+00 1.05953645e+01]
 [1.37163734e+00 1.65519013e+01 2.24119122e-02]
 [4.00935831e+00 4.19689925e+00 9.56806577e+00]
 [6.60484232e+00 5.47039110e+00 1.61974042e+01]
 [5.31784018e+00 1.72550950e+01 1.09455105e+01]
 [3.66364961e+00 8.51514361e+00 1.29097885e+01]
 [7.14897651e+00 1.73069352e+00 1.82365186e+01]
 [1.15654826e+01 9.71128429e+00 1.32013720e+01]
 [7.30149561e+00 3.34045220e+00 1.99750157e+01]
 [1.33917719e+01 1.83200199e+00 1.89881495e+01]
 [7.47128649e-01 1.69314635e+01 1.89530618e+01]
 [3.11546159e+03 2.40141620e+03 2.59831682e+03]
 [1.13674398e+01 5.21263897e+00 5.18977674e+00]
 [1.71962228e+01 1.76035644e+00 4.54729678e+00]
 [1.98170330e+00 1.81400865e+01 1.86384093e+01]
 [1.52398205e+01 1.49901825e+01 1.53894878e+01]
 [7.96069095e+00 1.72374050e+01 1.14269636e+01]
 [1.51856398e+01 1.76167484e+01 1.09440789e+01]
 [1.27307705e+01 1.69399189e+01 9.78524389e+00]
 [1.44129091e+01 1.34868926e+01 1.56497585e+01]
 [1.28240491e+01 1.22640231e+01 5.17653868e+00]
 [8.01127379e+00 1.70048517e+01 2.17507705e+00]
 [3.80240193e+00 7.24322573e+00 1.58781664e+01]
 [1.57891248e+01 1.09218751e+01 6.46767282e+00]
 [1.91659974e+01 2.31128580e+00 1.48055916e+01]
 [1.86230019e+00 3.57813054e+00 1.69221782e+01]
 [6.39575508e+00 1.87161319e+01 1.76178280e+01]
 [7.37542068e+06 2.08415893e+06 2.14475058e+06]
 [1.36140823e+01 1.62432691e+01 5.33704643e+00]
 [1.35035383e+00 1.92653629e+01 8.45179979e+00]
 [2.77411413e+00 9.97148356e+00 5.77117518e+00]
 [1.66481582e+01 8.42034375e+00 8.34335094e+00]
 [8.69697208e+00 2.18890068e+00 1.29183108e+01]
 [9.21288387e-01 1.71450082e+00 1.54423642e+01]
 [6.73654830e+00 8.93183808e+00 1.35030569e+01]
 [6.90332279e+06 2.05499603e+06 2.42163510e+06]
 [1.93806973e+01 1.05617104e+01 1.08202708e+01]
 [2.99091875e+00 8.33080102e+00 1.59043529e+01]
 [1.52534172e+01 1.84482411e+01 1.68690375e+01]
 [1.36353971e+01 1.71945491e+01 5.03449027e+00]
 [1.93235518e+01 1.44194233e+01 1.63839188e+01]
 [1.87121110e+00 4.80065478e+00 1.39023283e+01]
 [1.25720688e+01 1.17556460e+01 1.90222133e+01]
 [1.32376910e+01 4.51445823e+00 1.82475366e+01]
 [1.34033365e+01 1.50586582e+00 2.11318504e-01]
 [1.38923284e+01 4.44292489e+00 8.00296581e+00]
 [8.91810176e+00 3.63620160e+00 1.24602175e+01]
 [2.43287867e+00 1.23107613e+00 1.54752752e+01]
 [1.92664399e+01 4.88511629e+00 1.04506606e+01]
 [8.09434770e+00 7.27144246e+00 4.61095455e+00]
 [2.03296712e+00 1.77799892e+01 9.76525784e-01]
 [1.61617490e+01 1.62507012e+01 8.00476146e+00]
 [1.33571274e+01 5.15854521e+00 1.03137349e+01]
 [1.23029789e+01 6.86944348e+00 9.39756962e+00]
 [7.45117471e+00 1.41153790e+01 1.10957873e+01]]
[[1.92929710e+01 1.38066663e+01 3.95192871e+00]
 [3.20111046e+14 9.40950199e+12 2.50463882e+14]
 [9.20339042e+00 7.54230822e-01 1.03076343e+01]
 [3.19387643e+14 9.26215714e+12 2.52309632e+14]
 [7.40971481e+00 3.99955675e+00 1.41375044e+01]
 [1.80873841e+00 1.49763404e+01 8.29587754e+00]
 [1.27295421e+01 3.27623870e+00 6.07702132e+00]
 [9.83127339e+00 5.25393355e+00 1.06213617e+01]
 [8.28535542e+00 3.51750011e+00 4.52874242e+00]
 [3.22111740e+00 1.62643689e+01 1.00528111e+01]
 [1.63564725e+01 9.20390842e+00 5.67136730e+00]
 [1.74118189e+01 5.38039434e+00 4.81229113e+00]
 [1.31448307e+01 1.26859709e+01 4.46412719e+00]
 [1.78705073e+01 3.16431719e+00 1.61451369e+01]
 [4.52969603e+00 9.96287474e+00 9.25053854e+00]
 [1.16664882e+01 4.80044473e+00 9.02160823e+00]
 [4.73211466e+07 1.30939099e+08 2.34996511e+09]
 [3.82433873e+03 2.97749301e+03 3.55749023e+03]
 [1.40967385e+01 1.58530099e+00 1.17728654e+01]
 [6.40635186e+00 9.45424142e+00 9.45536078e-01]
 [1.72071263e+11 1.72882182e+11 8.55070055e+10]
 [6.48711992e+00 1.09585632e+01 1.24388142e+01]
 [7.39403451e+00 1.24896009e+00 3.46870683e+00]
 [6.89089830e+00 9.90668273e+00 6.37696795e+00]
 [1.46644207e+00 1.09793775e+01 2.29083764e+00]
 [3.32648601e+00 9.79115812e+00 3.03347478e+00]
 [1.76646323e+01 7.65892590e+00 8.71857177e+00]
 [1.50651664e+01 1.93944751e+01 1.59211021e+01]
 [5.34853498e+07 8.85559037e+07 2.33885727e+09]
 [4.73354996e+00 5.92110697e+00 1.72922557e+01]
 [7.98132165e-01 6.18543007e+00 4.05952267e+00]
 [1.93774231e+00 5.85506782e+00 1.06156802e+01]
 [9.51702582e-01 9.05146678e+00 7.30757580e+00]
 [7.21774620e+00 1.21119953e+01 7.95255382e+00]
 [1.48546089e+01 7.48071027e-01 1.42125493e+01]
 [1.68875814e+01 1.35622667e+01 9.69700523e+00]
 [7.62953322e+00 6.55345747e-01 1.61383502e+01]
 [6.39275646e+00 2.46080747e+00 1.54559721e+01]
 [1.34083990e+01 1.70806585e+01 1.55114446e+01]
 [1.38517200e+00 1.94695569e+01 5.82878686e+00]
 [1.75314637e+01 3.86695332e+00 1.93229555e+01]
 [4.11132067e+00 1.18459897e+01 3.11271063e+00]
 [1.72898256e+01 1.11788743e+00 1.49606433e+01]
 [2.27461869e+00 1.05292667e+01 9.58559723e+00]
 [6.28221476e+00 7.54217130e+00 4.26223950e+00]
 [3.48323148e+00 8.69087508e+00 1.05957067e+01]
 [1.37160180e+00 1.65464893e+01 2.29684396e-02]
 [4.00947994e+00 4.19628099e+00 9.56733725e+00]
 [6.60473326e+00 5.47092373e+00 1.61991989e+01]
 [5.31864291e+00 1.72551157e+01 1.09453030e+01]
 [3.66474369e+00 8.51673536e+00 1.29122105e+01]
 [7.14868492e+00 1.73092865e+00 1.82360041e+01]
 [1.15700544e+01 9.71538168e+00 1.32068808e+01]
 [7.30111269e+00 3.34029545e+00 1.99740692e+01]
 [1.33925103e+01 1.83211650e+00 1.89891879e+01]
 [7.47299059e-01 1.69292369e+01 1.89501733e+01]
 [4.14948775e+03 3.19840680e+03 3.46040838e+03]
 [1.13754141e+01 5.21726560e+00 5.19350342e+00]
 [1.71932732e+01 1.76041438e+00 4.54678189e+00]
 [1.98126864e+00 1.81370625e+01 1.86355480e+01]
 [1.52397534e+01 1.49902730e+01 1.53895330e+01]
 [7.96032896e+00 1.72397384e+01 1.14278246e+01]
 [1.51864706e+01 1.76175464e+01 1.09445485e+01]
 [1.27346101e+01 1.69451731e+01 9.78844007e+00]
 [1.44129793e+01 1.34869379e+01 1.56498508e+01]
 [1.28311741e+01 1.22714014e+01 5.17553965e+00]
 [8.01127340e+00 1.70048528e+01 2.17512656e+00]
 [3.70837369e+00 7.16649602e+00 1.56189838e+01]
 [1.57896550e+01 1.09222712e+01 6.46796717e+00]
 [1.91458521e+01 2.30999545e+00 1.47927395e+01]
 [1.86187089e+00 3.57795518e+00 1.69239132e+01]
 [6.39577563e+00 1.87163124e+01 1.76181301e+01]
 [9.21927289e+06 2.60519780e+06 2.68093724e+06]
 [1.36097555e+01 1.62326623e+01 5.33694296e+00]
 [1.35035458e+00 1.92646565e+01 8.45152286e+00]
 [2.77406463e+00 9.97111401e+00 5.77104420e+00]
 [1.66642169e+01 8.43005753e+00 8.35211769e+00]
 [8.68259157e+00 2.18870988e+00 1.28935366e+01]
 [9.22600434e-01 1.71203290e+00 1.54231535e+01]
 [6.74075390e+00 8.93612192e+00 1.35110582e+01]
 [8.62915044e+06 2.56874417e+06 3.02704294e+06]
 [1.93833731e+01 1.05632332e+01 1.08216545e+01]
 [2.97484405e+00 8.15319647e+00 1.56465216e+01]
 [1.52636154e+01 1.84585481e+01 1.68805750e+01]
 [1.36347592e+01 1.71991506e+01 5.03267971e+00]
 [1.93238058e+01 1.44196735e+01 1.63840685e+01]
 [1.87124842e+00 4.80056823e+00 1.39022085e+01]
 [1.25740460e+01 1.17575652e+01 1.90252352e+01]
 [1.32341345e+01 4.51292934e+00 1.82417940e+01]
 [1.34063097e+01 1.50612149e+00 2.11183743e-01]
 [1.38866738e+01 4.44094922e+00 7.99897805e+00]
 [8.90238562e+00 3.62624473e+00 1.24399534e+01]
 [2.42912150e+00 1.23081909e+00 1.54645179e+01]
 [1.92666883e+01 4.88523894e+00 1.04507320e+01]
 [8.09471805e+00 7.27178915e+00 4.61125961e+00]
 [2.03201860e+00 1.77735402e+01 9.75591876e-01]
 [1.72207727e+11 1.74019312e+11 8.35052936e+10]
 [1.33727864e+01 5.16394876e+00 1.03275160e+01]
 [1.23090914e+01 6.87289537e+00 9.40087627e+00]
 [7.45890338e+00 1.41286727e+01 1.11067979e+01]]
[[1.92933857e+01 1.38069998e+01 3.95202097e+00]
 [4.00138807e+14 1.17618775e+13 3.13079852e+14]
 [9.19702638e+00 7.54542440e-01 1.03026970e+01]
 [3.99234554e+14 1.15776964e+13 3.15387040e+14]
 [7.40899389e+00 3.99862477e+00 1.41341198e+01]
 [1.80893499e+00 1.49778911e+01 8.29676341e+00]
 [1.27253713e+01 3.27513278e+00 6.07498603e+00]
 [9.82843716e+00 5.25218699e+00 1.06205753e+01]
 [8.28665085e+00 3.51795898e+00 4.52903144e+00]
 [3.22274243e+00 1.62732833e+01 1.00584732e+01]
 [1.63574401e+01 9.20447000e+00 5.67143005e+00]
 [1.74097532e+01 5.37975993e+00 4.81182667e+00]
 [1.31503906e+01 1.26907169e+01 4.47049291e+00]
 [1.78463804e+01 3.15926245e+00 1.61222283e+01]
 [4.53086445e+00 9.96423265e+00 9.25190568e+00]
 [1.16679828e+01 4.80125635e+00 9.02046166e+00]
 [5.52080043e+07 1.52762281e+08 2.74162595e+09]
 [4.77698462e+03 3.71919255e+03 4.44388690e+03]
 [1.41117937e+01 1.58697800e+00 1.17838908e+01]
 [6.40676784e+00 9.45497547e+00 9.45581628e-01]
 [3.44142525e+11 3.45764363e+11 1.71014011e+11]
 [6.49279704e+00 1.09695010e+01 1.24498232e+01]
 [1.10468392e+01 4.07365083e+00 6.52106440e+00]
 [6.89135605e+00 9.90745771e+00 6.37764863e+00]
 [1.46710399e+00 1.09878871e+01 2.29229305e+00]
 [3.32728055e+00 9.79243647e+00 3.03411168e+00]
 [1.76702739e+01 7.65984761e+00 8.72102737e+00]
 [1.50704750e+01 1.94035872e+01 1.59266094e+01]
 [6.23995747e+07 1.03315221e+08 2.72866681e+09]
 [4.73107476e+00 5.91888684e+00 1.72831777e+01]
 [7.98112468e-01 6.18521707e+00 4.05955796e+00]
 [1.93832748e+00 5.85811735e+00 1.06207649e+01]
 [9.52103852e-01 9.05506315e+00 7.31053920e+00]
 [7.21829219e+00 1.21129330e+01 7.95307191e+00]
 [1.48529806e+01 7.48076905e-01 1.42113135e+01]
 [1.68886374e+01 1.35630721e+01 9.69768182e+00]
 [7.62969692e+00 6.55322164e-01 1.61383647e+01]
 [6.39625421e+00 2.46275018e+00 1.54672270e+01]
 [1.34104202e+01 1.70837044e+01 1.55137855e+01]
 [1.38522602e+00 1.94693951e+01 5.82880106e+00]
 [1.75167043e+01 3.86345352e+00 1.93057507e+01]
 [4.11151416e+00 1.18462173e+01 3.11288566e+00]
 [1.72826668e+01 1.11795720e+00 1.49544597e+01]
 [2.27626730e+00 1.05381993e+01 9.59363845e+00]
 [6.28494233e+00 7.54496194e+00 4.26373127e+00]
 [3.48327030e+00 8.69132635e+00 1.05960790e+01]
 [1.37155194e+00 1.65402851e+01 2.36044096e-02]
 [4.00964472e+00 4.19559387e+00 9.56657391e+00]
 [6.60458448e+00 5.47150899e+00 1.62011881e+01]
 [5.31955960e+00 1.72551407e+01 1.09450725e+01]
 [3.66605033e+00 8.51869634e+00 1.29151541e+01]
 [7.14832914e+00 1.73118515e+00 1.82353830e+01]
 [1.15749000e+01 9.71972428e+00 1.32126737e+01]
 [7.30066655e+00 3.34011209e+00 1.99729690e+01]
 [1.33933435e+01 1.83223870e+00 1.89903713e+01]
 [7.47496016e-01 1.69266855e+01 1.89468753e+01]
 [5.18351389e+03 3.99539738e+03 4.32249991e+03]
 [1.13844554e+01 5.22248340e+00 5.19769502e+00]
 [1.71899605e+01 1.76047551e+00 4.54619558e+00]
 [1.98075859e+00 1.81335939e+01 1.86322736e+01]
 [1.52396603e+01 1.49903502e+01 1.53895560e+01]
 [7.95993596e+00 1.72424494e+01 1.14288447e+01]
 [1.51875264e+01 1.76185899e+01 1.09451712e+01]
 [1.27388030e+01 1.69508853e+01 9.79190709e+00]
 [1.44130497e+01 1.34869826e+01 1.56499436e+01]
 [1.28399369e+01 1.22804390e+01 5.17444914e+00]
 [8.01126428e+00 1.70048402e+01 2.17517241e+00]
 [3.51700187e+00 7.04951136e+00 1.51415555e+01]
 [1.57902523e+01 1.09227130e+01 6.46829718e+00]
 [1.91223193e+01 2.30838273e+00 1.47776644e+01]
 [1.86139165e+00 3.57778334e+00 1.69260510e+01]
 [6.39577872e+00 1.87164760e+01 1.76184382e+01]
 [1.10631251e+07 3.12623666e+06 3.21712390e+06]
 [1.36055315e+01 1.62214556e+01 5.33708254e+00]
 [1.35035221e+00 1.92638376e+01 8.45119993e+00]
 [2.77399621e+00 9.97069285e+00 5.77089613e+00]
 [1.66827028e+01 8.44121654e+00 8.36218092e+00]
 [8.66601024e+00 2.18851246e+00 1.28649624e+01]
 [9.24134018e-01 1.70916691e+00 1.54010026e+01]
 [6.74563763e+00 8.94113871e+00 1.35203829e+01]
 [1.03549781e+07 3.08249230e+06 3.63245078e+06]
 [1.93864245e+01 1.05649599e+01 1.08232397e+01]
 [2.96195822e+00 7.79990422e+00 1.51663943e+01]
 [1.52756864e+01 1.84708382e+01 1.68942948e+01]
 [1.36342028e+01 1.72045626e+01 5.03069355e+00]
 [1.93242611e+01 1.44200726e+01 1.63843845e+01]
 [1.87128210e+00 4.80047108e+00 1.39020741e+01]
 [1.25762806e+01 1.17597394e+01 1.90286507e+01]
 [1.32300708e+01 4.51116555e+00 1.82352277e+01]
 [1.34096431e+01 1.50640837e+00 2.11027008e-01]
 [1.38801658e+01 4.43868790e+00 7.99440405e+00]
 [8.88427228e+00 3.61472496e+00 1.24166184e+01]
 [2.42471637e+00 1.23050799e+00 1.54518763e+01]
 [1.92669669e+01 4.88537193e+00 1.04508123e+01]
 [8.09515024e+00 7.27218243e+00 4.61159753e+00]
 [2.03091819e+00 1.77661605e+01 9.74511143e-01]
 [3.44415455e+11 3.48038625e+11 1.67010587e+11]
 [1.33907764e+01 5.17014380e+00 1.03433195e+01]
 [1.23157321e+01 6.87667028e+00 9.40441816e+00]
 [7.46778474e+00 1.41439558e+01 1.11194485e+01]]
[[1.92938217e+01 1.38073498e+01 3.95211779e+00]
 [4.80166569e+14 1.41142530e+13 3.75695822e+14]
 [9.18983350e+00 7.54887177e-01 1.02971068e+01]
 [4.79081464e+14 1.38932357e+13 3.78464449e+14]
 [7.40819053e+00 3.99757558e+00 1.41303355e+01]
 [1.80914647e+00 1.49795950e+01 8.29773258e+00]
 [1.27211170e+01 3.27397423e+00 6.07291759e+00]
 [9.82533519e+00 5.25024861e+00 1.06197854e+01]
 [8.28811282e+00 3.51849129e+00 4.52937308e+00]
 [3.22456093e+00 1.62833180e+01 1.00648461e+01]
 [1.63585200e+01 9.20509334e+00 5.67149354e+00]
 [1.74074379e+01 5.37903742e+00 4.81129564e+00]
 [1.31573645e+01 1.26967134e+01 4.47817273e+00]
 [1.78190301e+01 3.15350494e+00 1.60962522e+01]
 [4.53218907e+00 9.96579440e+00 9.25347413e+00]
 [1.16696054e+01 4.80216140e+00 9.01914928e+00]
 [6.30948620e+07 1.74585464e+08 3.13328680e+09]
 [5.72963049e+03 4.46089209e+03 5.33028357e+03]
 [1.41287875e+01 1.58887321e+00 1.17963559e+01]
 [6.40723711e+00 9.45580310e+00 9.45627155e-01]
 [5.16213788e+11 5.18646545e+11 2.56521017e+11]
 [6.49912177e+00 1.09816887e+01 1.24620751e+01]
 [1.46997873e+01 6.89842554e+00 9.57352115e+00]
 [6.89190050e+00 9.90837371e+00 6.37843148e+00]
 [1.46784350e+00 1.09974355e+01 2.29392444e+00]
 [3.32817153e+00 9.79386963e+00 3.03482470e+00]
 [1.76765801e+01 7.66085337e+00 8.72377276e+00]
 [1.50760523e+01 1.94132966e+01 1.59322976e+01]
 [7.13137996e+07 1.18074538e+08 3.11847635e+09]
 [4.72854279e+00 5.91658586e+00 1.72738189e+01]
 [7.98086840e-01 6.18497126e+00 4.05958930e+00]
 [1.93896519e+00 5.86149544e+00 1.06263971e+01]
 [9.52546462e-01 9.05915789e+00 7.31389952e+00]
 [7.21888603e+00 1.21139561e+01 7.95363900e+00]
 [1.48511165e+01 7.48076518e-01 1.42098812e+01]
 [1.68897562e+01 1.35639404e+01 9.69839858e+00]
 [7.62987713e+00 6.55291304e-01 1.61383833e+01]
 [6.40014224e+00 2.46491557e+00 1.54797831e+01]
 [1.34125360e+01 1.70869170e+01 1.55162144e+01]
 [1.38527904e+00 1.94692116e+01 5.82881518e+00]
 [1.75000040e+01 3.85948291e+00 1.92862923e+01]
 [4.11173035e+00 1.18464772e+01 3.11307208e+00]
 [1.72744841e+01 1.11802258e+00 1.49473774e+01]
 [2.27809812e+00 1.05481471e+01 9.60259149e+00]
 [6.28796093e+00 7.54804725e+00 4.26538726e+00]
 [3.48330408e+00 8.69181261e+00 1.05964749e+01]
 [1.37148787e+00 1.65332854e+01 2.43203805e-02]
 [4.00986660e+00 4.19484817e+00 9.56580085e+00]
 [6.60441886e+00 5.47215528e+00 1.62034112e+01]
 [5.32059208e+00 1.72551765e+01 1.09448224e+01]
 [3.66761753e+00 8.52113920e+00 1.29187400e+01]
 [7.14790982e+00 1.73146274e+00 1.82346564e+01]
 [1.15800265e+01 9.72431820e+00 1.32187585e+01]
 [7.30016099e+00 3.33990290e+00 1.99717245e+01]
 [1.33942722e+01 1.83236864e+00 1.89917004e+01]
 [7.47719541e-01 1.69237983e+01 1.89431563e+01]
 [6.21754002e+03 4.79238796e+03 5.18459144e+03]
 [1.13944878e+01 5.22824815e+00 5.20233240e+00]
 [1.71863002e+01 1.76054060e+00 4.54554097e+00]
 [1.98017284e+00 1.81296781e+01 1.86285837e+01]
 [1.52395405e+01 1.49904136e+01 1.53895560e+01]
 [7.95951751e+00 1.72455516e+01 1.14300313e+01]
 [1.51888086e+01 1.76198805e+01 1.09459480e+01]
 [1.27433450e+01 1.69570502e+01 9.79564224e+00]
 [1.44131204e+01 1.34870266e+01 1.56500371e+01]
 [1.28507145e+01 1.22915118e+01 5.17331069e+00]
 [8.01124649e+00 1.70048140e+01 2.17521461e+00]
 [2.38990424e+00 1.04749025e+01 1.76575817e+01]
 [1.57909158e+01 1.09232000e+01 6.46866254e+00]
 [1.90953843e+01 2.30644608e+00 1.47603568e+01]
 [1.86086768e+00 3.57762182e+00 1.69286248e+01]
 [6.39576169e+00 1.87166142e+01 1.76187450e+01]
 [1.29069773e+07 3.64727552e+06 3.75331056e+06]
 [1.36015633e+01 1.62098447e+01 5.33752011e+00]
 [1.35034668e+00 1.92629062e+01 8.45083087e+00]
 [2.77390911e+00 9.97022093e+00 5.77073140e+00]
 [1.67035830e+01 8.45380752e+00 8.37352503e+00]
 [8.64713837e+00 2.18832058e+00 1.28324312e+01]
 [9.25906437e-01 1.70588110e+00 1.53758165e+01]
 [6.75121124e+00 8.94690147e+00 1.35310506e+01]
 [1.20808057e+07 3.59624044e+06 4.23785862e+06]
 [1.93898614e+01 1.05668960e+01 1.08250321e+01]
 [5.13465379e+00 6.76878178e+00 1.75395781e+01]
 [1.52896594e+01 1.84851421e+01 1.69102318e+01]
 [1.36338854e+01 1.72109699e+01 5.02859496e+00]
 [1.93249207e+01 1.44206229e+01 1.63848693e+01]
 [1.87131285e+00 4.80036561e+00 1.39019350e+01]
 [1.25787812e+01 1.17621763e+01 1.90324718e+01]
 [1.32254918e+01 4.50916438e+00 1.82278264e+01]
 [1.34133408e+01 1.50672729e+00 2.10848735e-01]
 [1.38728518e+01 4.43615573e+00 7.98927228e+00]
 [8.86366517e+00 3.60156651e+00 1.23900931e+01]
 [2.41961595e+00 1.23014041e+00 1.54372042e+01]
 [1.92672769e+01 4.88551560e+00 1.04509023e+01]
 [8.09564413e+00 7.27262185e+00 4.61196821e+00]
 [2.02966511e+00 1.77578458e+01 9.73282768e-01]
 [5.16623182e+11 5.22057937e+11 2.50515881e+11]
 [1.34110471e+01 5.17711142e+00 1.03611022e+01]
 [1.23229404e+01 6.88079239e+00 9.40822835e+00]
 [7.47782352e+00 1.41612338e+01 1.11337458e+01]]
[[1.92942775e+01 1.38077152e+01 3.95221893e+00]
 [5.60194330e+14 1.64666285e+13 4.38311793e+14]
 [9.18177068e+00 7.55266017e-01 1.02908287e+01]
 [5.58928375e+14 1.62087750e+13 4.41541857e+14]
 [7.40727520e+00 3.99639934e+00 1.41261047e+01]
 [1.80937450e+00 1.49814701e+01 8.29879421e+00]
 [1.27166139e+01 3.27273872e+00 6.07075523e+00]
 [9.82192944e+00 5.24810208e+00 1.06189593e+01]
 [8.28973103e+00 3.51909017e+00 4.52975943e+00]
 [3.22657233e+00 1.62944720e+01 1.00719283e+01]
 [1.63597273e+01 9.20578714e+00 5.67156184e+00]
 [1.74048780e+01 5.37822809e+00 4.81069890e+00]
 [1.31662033e+01 1.27043753e+01 4.48746708e+00]
 [1.77884447e+01 3.14704157e+00 1.60671950e+01]
 [4.53364985e+00 9.96751515e+00 9.25521038e+00]
 [1.16713429e+01 4.80314928e+00 9.01765324e+00]
 [7.09817197e+07 1.96408647e+08 3.52494765e+09]
 [6.68227636e+03 5.20259161e+03 6.21668022e+03]
 [1.41477621e+01 1.59098887e+00 1.18102961e+01]
 [6.40775696e+00 9.45672071e+00 9.45672754e-01]
 [6.88285050e+11 6.91528726e+11 3.42028022e+11]
 [6.50615883e+00 1.09952369e+01 1.24756783e+01]
 [1.83528148e+01 9.72322928e+00 1.26260309e+01]
 [6.89252271e+00 9.90941850e+00 6.37931053e+00]
 [1.46866315e+00 1.10080443e+01 2.29573431e+00]
 [3.32915640e+00 9.79545064e+00 3.03561242e+00]
 [1.76835923e+01 7.66195642e+00 8.72682491e+00]
 [1.50819391e+01 1.94236600e+01 1.59382051e+01]
 [8.02280245e+07 1.32833855e+08 3.50828589e+09]
 [5.23980514e+00 6.91257249e+00 1.78832138e+01]
 [7.98054687e-01 6.18468617e+00 4.05961371e+00]
 [1.93967477e+00 5.86527180e+00 1.06326951e+01]
 [9.53026855e-01 9.06368208e+00 7.31761274e+00]
 [7.21953299e+00 1.21150738e+01 7.95426010e+00]
 [1.48490105e+01 7.48069861e-01 1.42082467e+01]
 [1.68909305e+01 1.35648654e+01 9.69915140e+00]
 [7.63007235e+00 6.55253090e-01 1.61384031e+01]
 [6.40446868e+00 2.46731205e+00 1.54937405e+01]
 [1.34147475e+01 1.70902962e+01 1.55187303e+01]
 [1.38533106e+00 1.94690067e+01 5.82882937e+00]
 [1.74813625e+01 3.85504123e+00 1.92645790e+01]
 [4.11196840e+00 1.18467669e+01 3.11326949e+00]
 [1.72652666e+01 1.11808428e+00 1.49393861e+01]
 [2.28013023e+00 1.05592247e+01 9.61253918e+00]
 [6.29128251e+00 7.55143885e+00 4.26721170e+00]
 [3.48334313e+00 8.69236089e+00 1.05969213e+01]
 [1.37140933e+00 1.65254819e+01 2.51171091e-02]
 [4.01008777e+00 4.19399551e+00 9.56490429e+00]
 [6.60422513e+00 5.47286523e+00 1.62058871e+01]
 [5.32173902e+00 1.72552226e+01 1.09445543e+01]
 [3.66925696e+00 8.52361044e+00 1.29224351e+01]
 [7.14742491e+00 1.73176267e+00 1.82338195e+01]
 [1.15854617e+01 9.72918887e+00 1.32251697e+01]
 [7.29957911e+00 3.33966465e+00 1.99702929e+01]
 [1.33952960e+01 1.83250634e+00 1.89931752e+01]
 [7.47972300e-01 1.69206991e+01 1.89391450e+01]
 [7.25156613e+03 5.58937853e+03 6.04668296e+03]
 [1.14055842e+01 5.23460546e+00 5.20743513e+00]
 [1.71822981e+01 1.76060981e+00 4.54481902e+00]
 [1.97951311e+00 1.81253337e+01 1.86244962e+01]
 [1.52393938e+01 1.49904628e+01 1.53895327e+01]
 [7.95907496e+00 1.72490525e+01 1.14313901e+01]
 [1.51903186e+01 1.76214200e+01 1.09468801e+01]
 [1.27482295e+01 1.69636580e+01 9.79963975e+00]
 [1.44131913e+01 1.34870701e+01 1.56501312e+01]
 [1.28640672e+01 1.23051775e+01 5.17219851e+00]
 [8.01121958e+00 1.70047731e+01 2.17525307e+00]
 [1.26286835e+00 1.39004939e+01 1.73971121e-01]
 [1.57916419e+01 1.09237291e+01 6.46906195e+00]
 [1.90650185e+01 2.30418278e+00 1.47407966e+01]
 [1.86026927e+00 3.57742765e+00 1.69312776e+01]
 [6.39574257e+00 1.87167774e+01 1.76190939e+01]
 [1.47508295e+07 4.16831439e+06 4.28949722e+06]
 [1.35980108e+01 1.61980366e+01 5.33831259e+00]
 [1.35033792e+00 1.92618619e+01 8.45041579e+00]
 [2.77380218e+00 9.96969385e+00 5.77054811e+00]
 [1.67266889e+01 8.46774661e+00 8.38607770e+00]
 [8.62579634e+00 2.18814225e+00 1.27956634e+01]
 [9.27934034e-01 1.70214487e+00 1.53473093e+01]
 [6.75727084e+00 8.95316957e+00 1.35427341e+01]
 [1.38066334e+07 4.10998857e+06 4.84326646e+06]
 [1.93937129e+01 1.05690578e+01 1.08270477e+01]
 [6.99011325e+00 4.99207315e+00 1.99875622e+01]
 [1.53055555e+01 1.85014818e+01 1.69284141e+01]
 [1.36339600e+01 1.72185492e+01 5.02644626e+00]
 [1.93257856e+01 1.44213255e+01 1.63855246e+01]
 [1.87133789e+00 4.80024279e+00 1.39017562e+01]
 [1.25815244e+01 1.17648568e+01 1.90366693e+01]
 [1.32204017e+01 4.50692574e+00 1.82195912e+01]
 [1.34174049e+01 1.50707837e+00 2.10648610e-01]
 [1.38647361e+01 4.43335034e+00 7.98358359e+00]
 [8.84039211e+00 3.58665999e+00 1.23601712e+01]
 [2.41377692e+00 1.22971247e+00 1.54204178e+01]
 [1.92676229e+01 4.88567094e+00 1.04510045e+01]
 [8.09619921e+00 7.27310734e+00 4.61237165e+00]
 [2.02825746e+00 1.77485816e+01 9.71905460e-01]
 [6.88830909e+11 6.96077249e+11 3.34021174e+11]
 [1.34334789e+01 5.18481649e+00 1.03807587e+01]
 [1.23308099e+01 6.88531968e+00 9.41238642e+00]
 [7.48901352e+00 1.41804877e+01 1.11496777e+01]]
