[[ 3.56815757 15.09050484  1.57363733]
 [11.78542837 19.22977846  6.52653678]
 [16.50307684  6.56027176  4.32880261]
 [ 4.52915555 13.31882032 10.50813063]
 [18.69639217 12.06729252 11.57611018]
 [ 2.79069081 11.48521637  5.75420807]
 [ 2.68138718 19.62566144 15.73512241]
 [ 6.6448301   8.63970308 11.69342241]
 [15.79460291  3.82942464  1.22108695]
 [18.37702333  4.28028857  9.30760509]]
[[ 3.56812978 15.09014868  1.57368131]
 [11.78533671 19.22958263  6.52650794]
 [16.5032104   6.56032781  4.32886699]
 [ 4.52926194 13.31910019 10.50836572]
 [18.69639652 12.06728554 11.57611402]
 [ 2.79068558 11.48502113  5.75411331]
 [ 2.68140594 19.62580204 15.73523043]
 [ 6.64480111  8.63965446 11.69338527]
 [15.79501038  3.82957077  1.22115079]
 [18.37707957  4.28034789  9.30768008]]
[[ 3.56805288 15.08957016  1.57371491]
 [11.78516507 19.22926005  6.52643526]
 [16.50336547  6.56039513  4.32894089]
 [ 4.52940679 13.31950053 10.50869845]
 [18.69638651 12.06726961 11.57610906]
 [ 2.79064944 11.48468832  5.75393567]
 [ 2.68143033 19.62599107 15.73537844]
 [ 6.64474601  8.6395727  11.69329747]
 [15.79561658  3.82975754  1.22122153]
 [18.37712655  4.28040762  9.30775315]]
[[ 3.56792687 15.08876928  1.57373813]
 [11.78491345 19.22881071  6.52631875]
 [16.50354203  6.56047372  4.3290243 ]
 [ 4.5295901  13.32002131 10.50912882]
 [18.69636214 12.06724473 11.57609528]
 [ 2.79058239 11.48421792  5.75367514]
 [ 2.68146035 19.62622853 15.73556642]
 [ 6.64466479  8.63945778 11.693159  ]
 [15.79642152  3.82998496  1.22129916]
 [18.37716427  4.28046776  9.30782429]]
[[ 3.56775173 15.08774603  1.57375096]
 [11.78458184 19.22823463  6.52615839]
 [16.50374009  6.56056359  4.32911724]
 [ 4.52981186 13.32066253 10.5096568 ]
 [18.69632339 12.0672109  11.57607269]
 [ 2.79048444 11.48360989  5.75333171]
 [ 2.68149599 19.62651441 15.73579437]
 [ 6.64455747  8.63930971 11.69296986]
 [15.79742522  3.83025302  1.22138369]
 [18.37719274  4.28052831  9.3078935 ]]
[[ 3.56752746 15.08650037  1.5737534 ]
 [11.78417026 19.22753181  6.52595421]
 [16.50395966  6.56066474  4.32921969]
 [ 4.53007207 13.32142418 10.51028238]
 [18.69627029 12.06716811 11.57604128]
 [ 2.79035556 11.48286421  5.75290536]
 [ 2.68153725 19.62684871 15.7360623 ]
 [ 6.64442402  8.63912848 11.69273003]
 [15.7986277   3.83056173  1.22147512]
 [18.37721195  4.28058928  9.30796079]]
[[ 3.56725405 15.08503227  1.57374545]
 [11.78367871 19.22670224  6.52570618]
 [16.50420074  6.56077716  4.32933167]
 [ 4.53037072 13.32230622 10.51100556]
 [18.69620282 12.06711637 11.57600106]
 [ 2.79019575 11.48198084  5.75239607]
 [ 2.68158414 19.62723142 15.73637019]
 [ 6.64426444  8.63891407 11.69243951]
 [15.80002898  3.8309111   1.22157345]
 [18.37722191  4.28065065  9.30802616]]
[[ 3.5669315  15.08334172  1.57372711]
 [11.78310719 19.22574595  6.52541433]
 [16.50446334  6.56090087  4.32945317]
 [ 4.5307078  13.32330864 10.5118263 ]
 [18.69612099 12.06705567 11.57595202]
 [ 2.790005   11.48095973  5.75180383]
 [ 2.68163665 19.62766254 15.73671804]
 [ 6.64407872  8.63866648 11.69209826]
 [15.80162911  3.83130113  1.22167868]
 [18.37722262  4.28071244  9.3080896 ]]
[[ 3.56655979 15.08142867  1.57369838]
 [11.78245571 19.22466293  6.52507864]
 [16.50474745  6.56103587  4.3295842 ]
 [ 4.5310833  13.32443141 10.51274459]
 [18.6960248  12.06698603 11.57589418]
 [ 2.7897833  11.47980083  5.7511286 ]
 [ 2.68169478 19.62814206 15.73710585]
 [ 6.64386685  8.63838569 11.69170629]
 [15.80342811  3.83173184  1.22179081]
 [18.37721409  4.28077464  9.30815113]]
[[ 3.56613892 15.07929309  1.57365925]
 [11.78172426 19.22345319  6.52469913]
 [16.50505309  6.56118215  4.32972476]
 [ 4.53149721 13.3256745  10.51376039]
 [18.69591424 12.06690743 11.57582751]
 [ 2.78953063 11.47850408  5.75037035]
 [ 2.68175853 19.62866996 15.7375336 ]
 [ 6.64362882  8.6380717  11.69126356]
 [15.80542604  3.83220323  1.22190984]
 [18.37719632  4.28083726  9.30821074]]
[[ 3.56566887 15.07693492  1.57360973]
 [11.78091286 19.22211675  6.52427579]
 [16.50538027  6.56133973  4.32987486]
 [ 4.53194951 13.32703786 10.51487368]
 [18.69578932 12.06681988 11.57575204]
 [ 2.78924698 11.47706942  5.74952905]
 [ 2.68182791 19.62924624 15.7380013 ]
 [ 6.64336461  8.63772449 11.69077006]
 [15.80762292  3.83271531  1.22203578]
 [18.3771693   4.28090029  9.30826843]]
[[ 3.56514962 15.07435413  1.5735498 ]
 [11.78002152 19.2206536   6.52380863]
 [16.50572898  6.56150861  4.33003449]
 [ 4.5324402  13.32852147 10.51608443]
 [18.69565004 12.06672337 11.57566775]
 [ 2.78893233 11.47549677  5.74860467]
 [ 2.6819029  19.6298709  15.73850892]
 [ 6.64307422  8.63734404 11.69022575]
 [15.81001883  3.8332681   1.22216862]
 [18.37713306  4.28096373  9.30832422]]
[[ 3.56458118 15.07155065  1.57347948]
 [11.77905023 19.21906377  6.52329765]
 [16.50609925  6.56168878  4.33020367]
 [ 4.53296925 13.33012528 10.51739259]
 [18.69549639 12.06661792 11.57557466]
 [ 2.78858667 11.47378606  5.74759716]
 [ 2.6819835  19.63054391 15.73905646]
 [ 6.64275763  8.63693034 11.68963063]
 [15.8126138   3.83386161  1.22230837]
 [18.37708759  4.2810276   9.30837809]]
[[ 3.56396351 15.06852442  1.57339876]
 [11.77799902 19.21734726  6.52274286]
 [16.50649107  6.56188027  4.33038239]
 [ 4.53353665 13.33184925 10.51879814]
 [18.69532839 12.06650351 11.57547275]
 [ 2.78820996 11.4719372   5.74650649]
 [ 2.68206973 19.63126527 15.73964391]
 [ 6.64241482  8.63648336 11.68898465]
 [15.81540791  3.83449584  1.22245503]
 [18.37703289  4.28109188  9.30843007]]
[[ 3.56329661 15.0652754   1.57330762]
 [11.77686788 19.21550409  6.52214425]
 [16.50690445  6.56208306  4.33057066]
 [ 4.53414239 13.33369332 10.52030102]
 [18.69514603 12.06638015 11.57536202]
 [ 2.7878022  11.46995011  5.7453326 ]
 [ 2.68216156 19.63203495 15.74027126]
 [ 6.64204578  8.6360031  11.68828778]
 [15.8184012   3.83517082  1.2226086 ]
 [18.37696898  4.28115658  9.30848015]]
[[ 3.56258046 15.0618035   1.57320608]
 [11.77565682 19.21353427  6.52150184]
 [16.50733942  6.56229718  4.33076849]
 [ 4.53478644 13.33565744 10.5219012 ]
 [18.6949493  12.06624785 11.57524249]
 [ 2.78736336 11.46782468  5.74407545]
 [ 2.68225902 19.63285296 15.7409385 ]
 [ 6.64165048  8.63548952 11.68754   ]
 [15.82159377  3.83588656  1.22276908]
 [18.37689585  4.2812217   9.30852833]]
[[ 3.56181503 15.05810866  1.57309413]
 [11.77436586 19.21143781  6.52081563]
 [16.50779596  6.56252262  4.33097587]
 [ 4.53546878 13.33774156 10.52359862]
 [18.69473822 12.06610659 11.57511415]
 [ 2.78689342 11.46556081  5.74273498]
 [ 2.68236208 19.63371926 15.74164561]
 [ 6.6412289   8.6349426  11.68674126]
 [15.82498567  3.83664308  1.22293647]
 [18.37681352  4.28128725  9.30857463]]
[[ 3.56100031 15.05419081  1.57297177]
 [11.77299501 19.20921474  6.52008563]
 [16.50827411  6.56275939  4.33119282]
 [ 4.53618939 13.33994562 10.52539324]
 [18.69451277 12.06595638 11.57497699]
 [ 2.78639234 11.46315839  5.74131115]
 [ 2.68247075 19.63463385 15.74239258]
 [ 6.64078103  8.63436232 11.68589154]
 [15.82857698  3.83744039  1.22311078]
 [18.376722    4.28135322  9.30861904]]
[[ 3.56013628 15.05004986  1.57283899]
 [11.77154427 19.20686505  6.51931183]
 [16.50877386  6.56300749  4.33141935]
 [ 4.53694824 13.34226955 10.527285  ]
 [18.69427297 12.06579722 11.57483103]
 [ 2.78586011 11.4606173   5.73980389]
 [ 2.68258503 19.6355967  15.74317939]
 [ 6.64030684  8.63374865 11.68499078]
 [15.8323678   3.83827851  1.22329201]
 [18.37662128  4.28141961  9.30866157]]
[[ 3.55922292 15.04568572  1.57269579]
 [11.77001367 19.20438879  6.51849425]
 [16.50929524  6.56326694  4.33165545]
 [ 4.53774532 13.34471329 10.52927385]
 [18.69401881 12.06562911 11.57467625]
 [ 2.78529669 11.45793742  5.73821313]
 [ 2.68270491 19.6366078  15.74400603]
 [ 6.63980631  8.63310157 11.68403896]
 [15.8363582   3.83915746  1.22348015]
 [18.37651139  4.28148644  9.30870224]]
[[ 3.5582602  15.04109831  1.57254217]
 [11.7684032  19.20178595  6.51763289]
 [16.50983825  6.56353774  4.33190113]
 [ 4.53858059 13.34727676 10.53135972]
 [18.6937503  12.06545205 11.57451267]
 [ 2.78470206 11.45511863  5.73653882]
 [ 2.6828304  19.63766713 15.74487248]
 [ 6.63927941  8.63242105 11.68303602]
 [15.84054827  3.84007726  1.22367522]
 [18.37639232  4.28155369  9.30874103]]
[[ 3.5572481  15.03628754  1.57237812]
 [11.76671289 19.19905656  6.51672776]
 [16.5104029   6.5638199   4.33215641]
 [ 4.53945404 13.3499599  10.53354256]
 [18.69346743 12.06526605 11.57434028]
 [ 2.78407617 11.45216079  5.73478089]
 [ 2.68296149 19.63877467 15.74577873]
 [ 6.63872611  8.63170706 11.68198192]
 [15.84493812  3.84103793  1.2238772 ]
 [18.37626409  4.28162138  9.30877797]]
[[ 3.55618659 15.0312533   1.57220365]
 [11.76494274 19.19620065  6.51577886]
 [16.51098921  6.56411343  4.33242128]
 [ 4.54036562 13.35276262 10.5358223 ]
 [18.6931702  12.06507109 11.57415908]
 [ 2.78341901 11.44906374  5.73293926]
 [ 2.68309818 19.6399304  15.74672476]
 [ 6.6381464   8.63095956 11.6808766 ]
 [15.84952784  3.84203949  1.22408612]
 [18.3761267   4.28168951  9.30881306]]
[[ 3.55507565 15.0259955   1.57201874]
 [11.76309278 19.19321822  6.51478621]
 [16.5115972   6.56441833  4.33269576]
 [ 4.54131532 13.35568484 10.53819886]
 [18.69285862 12.06486719 11.57396908]
 [ 2.78273054 11.44582736  5.73101386]
 [ 2.68324046 19.64113429 15.74771054]
 [ 6.63754023  8.63017852 11.67972003]
 [15.85431755  3.84308197  1.22430196]
 [18.37598017  4.28175807  9.3088463 ]]
[[ 3.55391525 15.02051402  1.57182339]
 [11.76116302 19.19010931  6.5137498 ]
 [16.51222687  6.56473461  4.33297985]
 [ 4.54230309 13.35872649 10.54067218]
 [18.69253269 12.06465435 11.57377027]
 [ 2.78201072 11.44245148  5.72900462]
 [ 2.68338834 19.64238631 15.74873606]
 [ 6.63690758  8.62936391 11.67851215]
 [15.85930734  3.84416538  1.22452472]
 [18.37582451  4.28182707  9.3088777 ]]
[[ 3.55270536 15.01480875  1.57161761]
 [11.75915347 19.18687394  6.51266965]
 [16.51287825  6.56506229  4.33327356]
 [ 4.54332892 13.36188747 10.54324219]
 [18.6921924  12.06443255 11.57356265]
 [ 2.7812595  11.43893594  5.72691144]
 [ 2.68354181 19.64368646 15.7498013 ]
 [ 6.63624842  8.6285157  11.67725289]
 [15.86449733  3.84528976  1.22475442]
 [18.37565972  4.28189651  9.30890728]]
[[ 3.55144595 15.00887959  1.57140139]
 [11.75706414 19.18351212  6.51154577]
 [16.51355135  6.56540138  4.3335769 ]
 [ 4.54439276 13.36516769 10.54590881]
 [18.69183777 12.06420182 11.57334623]
 [ 2.78047687 11.43528058  5.72473426]
 [ 2.68370087 19.64503469 15.75090624]
 [ 6.63556272  8.62763383 11.67594221]
 [15.86988765  3.84645513  1.22499106]
 [18.37548582  4.2819664   9.30893503]]
[[ 3.550137   15.00272639  1.57117472]
 [11.75489507 19.18002389  6.51037816]
 [16.51424618  6.56575187  4.33388987]
 [ 4.54549457 13.36856705 10.54867196]
 [18.69146878 12.06396213 11.573121  ]
 [ 2.77966277 11.43148522  5.72247297]
 [ 2.68386552 19.64643098 15.75205085]
 [ 6.63485043  8.62671829 11.67458005]
 [15.87547841  3.84766151  1.22523463]
 [18.37530282  4.28203674  9.30896097]]
[[ 3.54877846 14.99634905  1.57093759]
 [11.75264625 19.17640928  6.50916683]
 [16.51496276  6.56611378  4.33421249]
 [ 4.54663434 13.37208547 10.55153155]
 [18.69108545 12.06371351 11.57288697]
 [ 2.77881716 11.42754969  5.72012749]
 [ 2.68403574 19.64787532 15.75323512]
 [ 6.63411153  8.62576902 11.67316634]
 [15.88126974  3.84890894  1.22548514]
 [18.37511073  4.28210753  9.30898511]]
[[ 3.54737031 14.98974743  1.57069002]
 [11.75031772 19.1726683   6.5079118 ]
 [16.51570112  6.56648713  4.33454476]
 [ 4.54781201 13.37572283 10.5544875 ]
 [18.69068777 12.06345593 11.57264414]
 [ 2.77794    11.4234738   5.71769773]
 [ 2.68421155 19.64936766 15.75445901]
 [ 6.63334598  8.62478598 11.67170102]
 [15.88726178  3.85019743  1.22574259]
 [18.37490956  4.28217877  9.30900745]]
[[ 3.5459125  14.98292139  1.57043198]
 [11.74790949 19.16880098  6.50661306]
 [16.51646126  6.56687192  4.3348867 ]
 [ 4.54902755 13.37947904 10.55753972]
 [18.69027574 12.06318942 11.57239251]
 [ 2.77703125 11.41925736  5.71518358]
 [ 2.68439294 19.65090797 15.7557225 ]
 [ 6.63255374  8.62376914 11.67018402]
 [15.89345466  3.85152703  1.22600699]
 [18.37469933  4.28225047  9.309028  ]]
[[ 3.54440502 14.97587079  1.57016348]
 [11.74542158 19.16480736  6.50527064]
 [16.5172432   6.56726817  4.33523831]
 [ 4.55028092 13.38335398 10.56068813]
 [18.68984937 12.06291397 11.57213207]
 [ 2.77609086 11.41490017  5.71258496]
 [ 2.68457989 19.65249624 15.75702558]
 [ 6.63173477  8.62271844 11.66861528]
 [15.89984852  3.85289776  1.22627833]
 [18.37448005  4.28232264  9.30904678]]
[[ 3.54284781 14.96859549  1.56988452]
 [11.74285402 19.16068746  6.50388453]
 [16.51804697  6.56767588  4.3355996 ]
 [ 4.55157208 13.38734754 10.56393262]
 [18.68940866 12.06262957 11.57186284]
 [ 2.77511879 11.41040203  5.70990175]
 [ 2.68477242 19.65413241 15.7583682 ]
 [ 6.63088903  8.62163384 11.66699472]
 [15.90644351  3.85430964  1.22655663]
 [18.37425173  4.28239526  9.3090638 ]]
[[ 3.54124085 14.96109535  1.56959508]
 [11.74020681 19.15644132  6.50245476]
 [16.51887258  6.56809506  4.33597058]
 [ 4.55290098 13.39145962 10.5672731 ]
 [18.6889536  12.06233624 11.5715848 ]
 [ 2.77411498 11.40576273  5.70713386]
 [ 2.68497051 19.65581648 15.75975035]
 [ 6.63001649  8.62051529 11.66532228]
 [15.91323978  3.85576273  1.22684187]
 [18.37401439  4.28246835  9.30907905]]
[[ 3.53958408 14.9533702   1.56929517]
 [11.73747999 19.15206896  6.50098133]
 [16.51972005  6.56852573  4.33635126]
 [ 4.55426759 13.39569008 10.57070948]
 [18.6884842  12.06203396 11.57129797]
 [ 2.77307939 11.40098206  5.70428116]
 [ 2.68517417 19.65754839 15.76117199]
 [ 6.62911709  8.61936275 11.66359787]
 [15.92023748  3.85725704  1.22713407]
 [18.37376803  4.28254192  9.30909257]]
[[ 3.53787748 14.94541988  1.56898478]
 [11.73467357 19.14757042  6.49946426]
 [16.5205894   6.56896791  4.33674166]
 [ 4.55567186 13.40003882 10.57424165]
 [18.68800047 12.06172275 11.57100235]
 [ 2.77201196 11.3960598   5.70134356]
 [ 2.68538339 19.65932812 15.76263311]
 [ 6.62819079  8.61817616 11.66182142]
 [15.92743677  3.85879261  1.22743323]
 [18.37351269  4.28261595  9.30910435]]
[[ 3.536121   14.93724424  1.5686639 ]
 [11.73178758 19.14294573  6.49790355]
 [16.52148066  6.56942159  4.33714178]
 [ 4.55711374 13.4045057  10.5778695 ]
 [18.6875024  12.0614026  11.57069792]
 [ 2.77091264 11.39099571  5.69832093]
 [ 2.68559816 19.66115562 15.76413366]
 [ 6.62723755  8.61695547 11.65999285]
 [15.93483781  3.86036947  1.22773935]
 [18.37324836  4.28269047  9.3091144 ]]
[[ 3.53431459 14.92884311  1.56833253]
 [11.72882204 19.13819493  6.49629921]
 [16.52239383  6.5698868   4.33755163]
 [ 4.55859319 13.40909059 10.58159293]
 [18.68698999 12.06107351 11.5703847 ]
 [ 2.76978139 11.38578958  5.69521315]
 [ 2.68581848 19.66303087 15.76567362]
 [ 6.62625732  8.61570063 11.65811208]
 [15.94244078  3.86198767  1.22805244]
 [18.37297508  4.28276547  9.30912275]]
[[ 3.53245822 14.9202163   1.56799066]
 [11.72577698 19.13331805  6.49465127]
 [16.52332895  6.57036355  4.33797122]
 [ 4.56011016 13.41379338 10.58541182]
 [18.68646324 12.06073549 11.57006269]
 [ 2.76861813 11.38044115  5.69202012]
 [ 2.68604435 19.66495383 15.76725295]
 [ 6.62525005  8.61441158 11.65617902]
 [15.95024583  3.86364723  1.22837249]
 [18.37269284  4.28284095  9.30912939]]
[[ 3.53055183 14.91136365  1.5676383 ]
 [11.72265242 19.12831513  6.49295973]
 [16.52428603  6.57085185  4.33840058]
 [ 4.56166461 13.41861391 10.58932608]
 [18.68592217 12.06038853 11.56973189]
 [ 2.76742283 11.3749502   5.68874169]
 [ 2.68627576 19.66692445 15.76887163]
 [ 6.62421569  8.61308827 11.65419359]
 [15.95825316  3.8653482   1.22869952]
 [18.37240167  4.28291692  9.30913435]]
[[ 3.52859539 14.90228497  1.56727543]
 [11.71944839 19.1231862   6.4912246 ]
 [16.5252651   6.57135171  4.3388397 ]
 [ 4.56325647 13.42355206 10.59333557]
 [18.68536676 12.06003264 11.56939229]
 [ 2.76619541 11.36931646  5.68537775]
 [ 2.68651272 19.6689427  15.77052962]
 [ 6.62315419  8.61173064 11.6521557 ]
 [15.96646293  3.86709061  1.22903352]
 [18.37210159  4.28299339  9.30913763]]
[[ 3.52658885 14.89298007  1.56690205]
 [11.71616491 19.1179313   6.48944589]
 [16.52626617  6.57186314  4.3392886 ]
 [ 4.5648857  13.42860769 10.59744018]
 [18.68479702 12.05966781 11.56904391]
 [ 2.76493582 11.36353968  5.68192816]
 [ 2.6867552  19.67100853 15.77222689]
 [ 6.62206551  8.61033862 11.65006525]
 [15.97487533  3.8688745   1.2293745 ]
 [18.37179261  4.28307035  9.30913926]]
[[ 3.52453215 14.88344876  1.56651815]
 [11.71280202 19.11255048  6.48762363]
 [16.52728927  6.57238617  4.33974729]
 [ 4.56655225 13.43378064 10.6016398 ]
 [18.68421296 12.05929406 11.56868673]
 [ 2.763644   11.35761961  5.67839279]
 [ 2.68700322 19.67312192 15.7739634 ]
 [ 6.62094958  8.60891217 11.64792216]
 [15.98349056  3.87069992  1.22972245]
 [18.37147475  4.28314782  9.30913923]]
[[ 3.52242524 14.87369084  1.56612373]
 [11.70935973 19.10704376  6.48575783]
 [16.52833443  6.5729208   4.34021579]
 [ 4.56825606 13.43907078 10.6059343 ]
 [18.68361457 12.05891138 11.56832077]
 [ 2.76231989 11.35155597  5.6747715 ]
 [ 2.68725677 19.6752828  15.77573912]
 [ 6.61980635  8.60745121 11.64572634]
 [15.9923088   3.8725669   1.2300774 ]
 [18.37114803  4.2832258   9.30913756]]
[[ 3.52026808 14.86370612  1.56571879]
 [11.70583807 19.10141121  6.48384849]
 [16.52940165  6.57346705  4.3406941 ]
 [ 4.56999708 13.44447794 10.61032355]
 [18.68300186 12.05851976 11.56794602]
 [ 2.76096343 11.3453485   5.67106417]
 [ 2.68751583 19.67749115 15.77755401]
 [ 6.61863577  8.60595569 11.64347767]
 [16.00133025  3.87447549  1.23043933]
 [18.37081246  4.28330428  9.30913428]]
[[ 3.51806061 14.85349437  1.56530331]
 [11.70223709 19.09565284  6.48189563]
 [16.53049097  6.57402494  4.34118224]
 [ 4.57177526 13.45000199 10.61480743]
 [18.68237483 12.05811922 11.56756249]
 [ 2.75957454 11.33899692  5.66727063]
 [ 2.68778041 19.67974691 15.77940803]
 [ 6.61743778  8.60442553 11.64117607]
 [16.01055511  3.87642573  1.23080826]
 [18.37046806  4.28338328  9.30912938]]
[[ 3.51580278 14.84305539  1.56487729]
 [11.69855679 19.08976872  6.47989928]
 [16.53160241  6.57459447  4.34168022]
 [ 4.57359053 13.45564277 10.6193858 ]
 [18.68173348 12.05770975 11.56717017]
 [ 2.75815317 11.33250095  5.66339075]
 [ 2.68805051 19.68205004 15.78130115]
 [ 6.61621232  8.60286067 11.63882143]
 [16.01998358  3.87841766  1.23118418]
 [18.37011486  4.2834628   9.30912289]]
[[ 3.51349454 14.83238896  1.56444073]
 [11.69479723 19.08375888  6.47785943]
 [16.532736    6.57517566  4.34218805]
 [ 4.57544284 13.4614001  10.62405853]
 [18.68107781 12.05729136 11.56676907]
 [ 2.75669925 11.3258603   5.65942439]
 [ 2.68832611 19.68440049 15.78323333]
 [ 6.61495933  8.60126105 11.63641365]
 [16.02961589  3.88045133  1.2315671 ]
 [18.36975287  4.28354285  9.30911482]]
[[ 3.51113582 14.82149486  1.56399362]
 [11.69095842 19.07762336  6.47577612]
 [16.53389175  6.57576853  4.34270575]
 [ 4.57733213 13.46727384 10.62882549]
 [18.68040783 12.05686404 11.56635919]
 [ 2.7552127  11.31907467  5.65537138]
 [ 2.68860721 19.68679822 15.78520453]
 [ 6.61367875  8.59962659 11.63395261]
 [16.03945223  3.88252679  1.23195702]
 [18.36938211  4.28362343  9.30910518]]
[[ 3.50872657 14.81037286  1.56353596]
 [11.6870404  19.07136222  6.47364935]
 [16.53506969  6.57637308  4.34323334]
 [ 4.57925834 13.47326381 10.63368654]
 [18.67972353 12.0564278  11.56594053]
 [ 2.75369346 11.31214377  5.65123158]
 [ 2.6888938  19.68924318 15.78721471]
 [ 6.61237052  8.59795722 11.63143822]
 [16.04949283  3.88464407  1.23235395]
 [18.36900261  4.28370454  9.30909399]]
[[ 3.50626674 14.79902272  1.56306773]
 [11.6830432  19.06497551  6.47147914]
 [16.53626984  6.57698935  4.34377081]
 [ 4.58122141 13.47936985 10.63864154]
 [18.67902492 12.05598264 11.5655131 ]
 [ 2.75214147 11.3050673   5.64700482]
 [ 2.68918589 19.69173532 15.78926382]
 [ 6.61103457  8.59625287 11.62887036]
 [16.05973791  3.88680323  1.23275789]
 [18.36861437  4.28378619  9.30908127]]
[[ 3.50375625 14.78744422  1.56258893]
 [11.67896685 19.05846326  6.46926551]
 [16.53749222  6.57761733  4.34431819]
 [ 4.58322128 13.48559179 10.64369035]
 [18.67831201 12.05552856 11.56507689]
 [ 2.75055663 11.29784494  5.64269096]
 [ 2.68948347 19.69427458 15.79135182]
 [ 6.60967084  8.59451347 11.62624891]
 [16.0701877   3.88900431  1.23316885]
 [18.36821742  4.28386839  9.30906702]]
[[ 3.50119506 14.77563709  1.56209955]
 [11.67481139 19.05182552  6.46700848]
 [16.53873687  6.57825706  4.3448755 ]
 [ 4.58525789 13.49192944 10.64883282]
 [18.67758479 12.05506555 11.5646319 ]
 [ 2.7489389  11.29047639  5.63828982]
 [ 2.68978652 19.69686092 15.79347868]
 [ 6.60827926  8.59273893 11.62357377]
 [16.08084242  3.89124737  1.23358683]
 [18.36781179  4.28395113  9.30905127]]
[[ 3.49858309 14.7636011   1.5615996 ]
 [11.67057685 19.04506236  6.46470805]
 [16.5400038   6.57890853  4.34544274]
 [ 4.58733116 13.49838264 10.6540688 ]
 [18.67684326 12.05459364 11.56417814]
 [ 2.74728818 11.28296132  5.63380125]
 [ 2.69009505 19.69949428 15.79564435]
 [ 6.60685977  8.59092919 11.62084481]
 [16.0917023   3.89353245  1.23401183]
 [18.36739748  4.28403443  9.30903403]]
[[ 3.49592028 14.751336    1.56108906]
 [11.66626327 19.03817382  6.46236426]
 [16.54129304  6.57957178  4.34601992]
 [ 4.58944104 13.50495121 10.65939814]
 [18.67608744 12.0541128  11.56371561]
 [ 2.7456044  11.27529941  5.62922507]
 [ 2.69040905 19.70217461 15.79784878]
 [ 6.60541229  8.58908417 11.61806191]
 [16.10276759  3.89585961  1.23444386]
 [18.36697454  4.28411829  9.30901532]]
[[ 3.49320658 14.73884151  1.56056792]
 [11.66187069 19.03115994  6.45997711]
 [16.5426046   6.5802468   4.34660707]
 [ 4.59158746 13.51163496 10.6648207 ]
 [18.67531731 12.05362305 11.56324431]
 [ 2.74388748 11.26749033  5.62456111]
 [ 2.69072851 19.70490186 15.80009192]
 [ 6.60393676  8.58720378 11.61522496]
 [16.11403853  3.8982289   1.23488293]
 [18.36654296  4.28420272  9.30899516]]
[[ 3.4904419  14.72611738  1.56003618]
 [11.65739913 19.02402079  6.45754663]
 [16.54393853  6.58093363  4.3472042 ]
 [ 4.59377035 13.5184337  10.67033632]
 [18.67453289 12.05312439 11.56276424]
 [ 2.74213736 11.25953375  5.6198092 ]
 [ 2.69105343 19.70767597 15.80237374]
 [ 6.6024331   8.58528794 11.61233382]
 [16.12551536  3.90064036  1.23532903]
 [18.36610279  4.28428772  9.30897355]]
[[ 3.48762619 14.71316334  1.55949383]
 [11.65284865 19.01675642  6.45507284]
 [16.54529483  6.58163226  4.34781131]
 [ 4.59598965 13.52534724 10.67594484]
 [18.67373418 12.05261682 11.56227541]
 [ 2.74035394 11.25142933  5.61496916]
 [ 2.6913838  19.71049689 15.80469419]
 [ 6.60090125  8.58333658 11.60938837]
 [16.13719833  3.90309406  1.23578217]
 [18.36565403  4.28437329  9.30895052]]
[[ 3.48475937 14.69997911  1.55894087]
 [11.64821926 19.00936688  6.45255574]
 [16.54667353  6.58234273  4.34842844]
 [ 4.59824528 13.5323754  10.68164611]
 [18.67292118 12.05210034 11.56177781]
 [ 2.73853715 11.24317673  5.61004082]
 [ 2.69171961 19.71336455 15.80705321]
 [ 6.59934112  8.5813496  11.60638848]
 [16.14908769  3.90559004  1.23624236]
 [18.36519672  4.28445945  9.30892608]]
[[ 3.48184138 14.68656441  1.55837728]
 [11.64351102 19.00185223  6.44999537]
 [16.54807466  6.58306505  4.34905558]
 [ 4.60053718 13.53951798 10.68743996]
 [18.67209388 12.05157495 11.56127145]
 [ 2.7366869  11.23477559  5.60502398]
 [ 2.69206087 19.71627889 15.80945076]
 [ 6.59775265  8.57932692 11.60333402]
 [16.1611837   3.90812836  1.2367096 ]
 [18.36473087  4.28454619  9.30890025]]
[[ 3.47887213 14.67291895  1.55780307]
 [11.63872397 18.99421252  6.44739175]
 [16.54949824  6.58379923  4.34969275]
 [ 4.60286528 13.54677479 10.69332623]
 [18.67125231 12.05104065 11.56075633]
 [ 2.73480312 11.22622556  5.59991847]
 [ 2.69240755 19.71923987 15.81188679]
 [ 6.59613575  8.57726845 11.60022486]
 [16.17348662  3.91070908  1.23718389]
 [18.3642565   4.28463353  9.30887305]]
[[ 3.47585157 14.65904244  1.55721822]
 [11.63385814 18.98644782  6.44474488]
 [16.55094428  6.58454528  4.35033997]
 [ 4.6052295  13.55414561 10.69930475]
 [18.67039645 12.05049745 11.56023246]
 [ 2.73288571 11.2175263   5.5947241 ]
 [ 2.69275966 19.72224741 15.81436125]
 [ 6.59449035  8.57517411 11.59706085]
 [16.18599672  3.91333225  1.23766525]
 [18.36377365  4.28472146  9.3088445 ]]
[[ 3.47277961 14.64493459  1.55662273]
 [11.62891357 18.97855818  6.4420548 ]
 [16.55241283  6.58530323  4.35099726]
 [ 4.60762977 13.56163026 10.70537537]
 [18.66952631 12.04994535 11.55969982]
 [ 2.73093459 11.20867742  5.58944068]
 [ 2.6931172  19.72530147 15.81687408]
 [ 6.59281637  8.57304381 11.59384187]
 [16.19871425  3.91599793  1.23815367]
 [18.36328233  4.28481     9.30881462]]
[[ 3.46965617 14.63059508  1.55601658]
 [11.62389031 18.97054366  6.43932152]
 [16.55390389  6.58607308  4.35166462]
 [ 4.61006601 13.56922852 10.7115379 ]
 [18.6686419  12.04938434 11.55915843]
 [ 2.72894968 11.19967857  5.58406801]
 [ 2.69348014 19.72840196 15.81942524]
 [ 6.59111373  8.57087744 11.59056777]
 [16.2116395   3.91870618  1.23864916]
 [18.36278256  4.28489915  9.30878341]]
[[ 3.46648119 14.61602362  1.55539978]
 [11.6187884  18.96240432  6.43654507]
 [16.55541749  6.58685487  4.35234208]
 [ 4.61253816 13.57694019 10.71779219]
 [18.66774321 12.04881443 11.55860829]
 [ 2.72693089 11.19052938  5.5786059 ]
 [ 2.69384849 19.73154884 15.82201467]
 [ 6.58938234  8.56867493 11.58723841]
 [16.22477273  3.92145706  1.23915173]
 [18.36227438  4.28498892  9.30875091]]
[[ 3.46325458 14.60121989  1.55477231]
 [11.61360787 18.95414023  6.43372547]
 [16.55695365  6.58764859  4.35302964]
 [ 4.61504614 13.58476505 10.72413805]
 [18.66683025 12.04823563 11.5580494 ]
 [ 2.72487812 11.18122946  5.57305415]
 [ 2.69422224 19.73474203 15.82464232]
 [ 6.58762213  8.56643617 11.58385364]
 [16.23811423  3.92425062  1.23966137]
 [18.3617578   4.28507931  9.30871712]]
[[ 3.45997625 14.58618356  1.55413416]
 [11.60834879 18.94575144  6.43086273]
 [16.55851239  6.58845427  4.35372732]
 [ 4.61758987 13.5927029  10.73057531]
 [18.66590302 12.04764793 11.55748176]
 [ 2.72279129 11.17177844  5.56741256]
 [ 2.69460138 19.73798148 15.82730814]
 [ 6.585833    8.56416106 11.58041332]
 [16.25166427  3.92708693  1.24017811]
 [18.36123284  4.28517033  9.30868208]]
[[ 3.45664614 14.57091432  1.55348534]
 [11.60301118 18.93723803  6.42795688]
 [16.56009374  6.58927192  4.35443514]
 [ 4.62016927 13.60075352 10.73710379]
 [18.66496153 12.04705134 11.55690537]
 [ 2.72067031 11.16217593  5.56168092]
 [ 2.69498591 19.7412671  15.83001206]
 [ 6.58401488  8.56184952 11.57691729]
 [16.26542314  3.92996605  1.24070193]
 [18.36069954  4.28526198  9.30864579]]
[[ 3.45326415 14.55541182  1.55282582]
 [11.59759509 18.92860005  6.42500795]
 [16.56169772  6.59010155  4.3551531 ]
 [ 4.62278427 13.60891668 10.74372332]
 [18.66400578 12.04644585 11.55632024]
 [ 2.71851508 11.15242154  5.55585902]
 [ 2.69537581 19.74459885 15.83275403]
 [ 6.58216768  8.55950144 11.57336541]
 [16.27939113  3.93288804  1.24123285]
 [18.36015791  4.28535427  9.30860827]]
[[ 3.4498302  14.53967573  1.55215561]
 [11.59210058 18.91983758  6.42201595]
 [16.56332434  6.59094319  4.35588124]
 [ 4.62543479 13.61719217 10.75043371]
 [18.66303578 12.04583148 11.55572637]
 [ 2.71632552 11.14251488  5.54994667]
 [ 2.69577109 19.74797664 15.83553401]
 [ 6.5802913   8.55711673 11.56975753]
 [16.29356853  3.93585297  1.24177087]
 [18.35960799  4.28544721  9.30856955]]
[[ 3.44634421 14.52370571  1.5514747 ]
 [11.58652768 18.91095067  6.41898091]
 [16.56497363  6.59179685  4.35661955]
 [ 4.62812075 13.62557977 10.75723478]
 [18.66205151 12.04520822 11.55512376]
 [ 2.71410152 11.13245554  5.54394363]
 [ 2.69617173 19.75140041 15.83835191]
 [ 6.57838566  8.55469527 11.56609348]
 [16.30795563  3.93886088  1.242316  ]
 [18.35904979  4.2855408   9.30852965]]
[[ 3.44280608 14.50750141  1.55078307]
 [11.58087644 18.9019394   6.41590285]
 [16.5666456   6.59266254  4.35736805]
 [ 4.63084207 13.63407925 10.76412635]
 [18.661053   12.04457607 11.55451241]
 [ 2.71184298 11.12224313  5.53784971]
 [ 2.69657772 19.7548701  15.8412077 ]
 [ 6.57645067  8.55223697 11.5623731 ]
 [16.32255274  3.94191186  1.24286824]
 [18.35848334  4.28563504  9.30848858]]
[[ 3.43921574 14.49106247  1.55008072]
 [11.57514692 18.89280384  6.4127818 ]
 [16.56834027  6.59354027  4.35812676]
 [ 4.63359866 13.64269037 10.77110823]
 [18.66004024 12.04393503 11.55389233]
 [ 2.70954983 11.11187724  5.53166468]
 [ 2.69698906 19.75838561 15.84410131]
 [ 6.57448624  8.54974172 11.55859625]
 [16.33736015  3.94500597  1.2434276 ]
 [18.35790866  4.28572996  9.30844636]]
[[ 3.43557307 14.47438854  1.54936764]
 [11.56933916 18.88354405  6.40961778]
 [16.57005767  6.59443007  4.35889569]
 [ 4.63639045 13.65141292 10.77818023]
 [18.65901324 12.04328512 11.55326351]
 [ 2.70722194 11.10135746  5.52538832]
 [ 2.69740574 19.7619469  15.84703268]
 [ 6.57249226  8.54720941 11.55476275]
 [16.35237816  3.94814326  1.24399408]
 [18.35732579  4.28582554  9.30840302]]
[[ 3.43187801 14.45747923  1.54864382]
 [11.5634532  18.87416011  6.40641081]
 [16.57179781  6.59533194  4.35967485]
 [ 4.63921736 13.66024665 10.78534216]
 [18.65797199 12.04262632 11.55262596]
 [ 2.70485923 11.09068337  5.51902041]
 [ 2.69782776 19.76555387 15.85000174]
 [ 6.57046866  8.54463994 11.55087243]
 [16.36760709  3.95132381  1.2445677 ]
 [18.35673474  4.2859218   9.30835857]]
[[ 3.42813044 14.44033419  1.54790925]
 [11.5574891  18.86465208  6.40316093]
 [16.5735607   6.5962459   4.36046427]
 [ 4.64207929 13.66919134 10.79259383]
 [18.65691651 12.04195865 11.55197969]
 [ 2.7024616  11.07985454  5.51256072]
 [ 2.6982551  19.76920646 15.85300844]
 [ 6.56841533  8.5420332  11.54692515]
 [16.38304724  3.95454769  1.24514845]
 [18.35613553  4.28601874  9.30831303]]
[[ 3.42433029 14.42295302  1.54716394]
 [11.55144692 18.85502005  6.39986815]
 [16.57534637  6.59717197  4.36126395]
 [ 4.64497616 13.67824674 10.79993504]
 [18.6558468  12.0412821  11.55132469]
 [ 2.70002894 11.06887057  5.50600902]
 [ 2.69868776 19.77290459 15.85605271]
 [ 6.56633217  8.53938908 11.54292071]
 [16.39869892  3.95781496  1.24573634]
 [18.35552821  4.28611638  9.30826643]]
[[ 3.42047744 14.40533535  1.54640785]
 [11.54532669 18.84526408  6.3965325 ]
 [16.57715483  6.59811015  4.3620739 ]
 [ 4.6479079  13.68741262 10.80736561]
 [18.65476286 12.04059667 11.55066097]
 [ 2.69756116 11.05773101  5.49936509]
 [ 2.69912572 19.77664819 15.85913449]
 [ 6.56421909  8.53670746 11.53885896]
 [16.41456246  3.96112568  1.24633138]
 [18.35491278  4.28621471  9.30821878]]
[[ 3.4165718  14.38748079  1.545641  ]
 [11.53912848 18.83538424  6.393154  ]
 [16.57898609  6.59906046  4.36289414]
 [ 4.65087441 13.69668872 10.81488533]
 [18.65366469 12.03990238 11.54998853]
 [ 2.69505814 11.04643544  5.49262869]
 [ 2.69956899 19.78043717 15.86225372]
 [ 6.56207599  8.53398823 11.53473972]
 [16.43063817  3.96447994  1.24693357]
 [18.35428928  4.28631374  9.3081701 ]]
[[ 3.41261328 14.36938892  1.54486337]
 [11.53285233 18.82538063  6.3897327 ]
 [16.58084016  6.60002292  4.36372469]
 [ 4.65387562 13.70607482 10.822494  ]
 [18.6525523  12.03919922 11.54930737]
 [ 2.69251978 11.03498342  5.48579958]
 [ 2.70001754 19.78427146 15.86541033]
 [ 6.55990276  8.53123128 11.53056281]
 [16.44692636  3.96787779  1.24754293]
 [18.35365772  4.28641348  9.30812042]]
[[ 3.40860176 14.35105935  1.54407494]
 [11.5264983  18.8152533   6.3862686 ]
 [16.58271706  6.60099753  4.36456555]
 [ 4.65691142 13.71557065 10.83019143]
 [18.65142569 12.03848719 11.5486175 ]
 [ 2.68994598 11.02337451  5.47887752]
 [ 2.70047138 19.78815098 15.86860425]
 [ 6.55769931  8.52843649 11.52632805]
 [16.46342737  3.97131931  1.24815945]
 [18.35301815  4.28651393  9.30806976]]
[[ 3.40453715 14.33249167  1.54327573]
 [11.52006645 18.80500234  6.38276174]
 [16.58461681  6.60198431  4.36541674]
 [ 4.65998173 13.72517598 10.83797742]
 [18.65028487 12.0377663  11.54791891]
 [ 2.68733664 11.01160826  5.47186227]
 [ 2.7009305  19.79207565 15.87183541]
 [ 6.55546553  8.52560374 11.52203527]
 [16.48014152  3.97480457  1.24878314]
 [18.35237057  4.28661511  9.30801813]]
[[ 3.40041935 14.31368545  1.5424657 ]
 [11.51355683 18.79462784  6.37921214]
 [16.5865394   6.60298327  4.36627827]
 [ 4.66308647 13.73489055 10.84585175]
 [18.64912984 12.03703654 11.54721162]
 [ 2.68469163 10.99968423  5.46475359]
 [ 2.70139488 19.79604539 15.87510375]
 [ 6.55320131  8.52273292 11.51768428]
 [16.49706914  3.97833364  1.24941401]
 [18.35171502  4.28671701  9.30796556]]
[[ 3.39624824 14.29464028  1.54164486]
 [11.50696949 18.78412985  6.37561984]
 [16.58848486  6.60399442  4.36715016]
 [ 4.66622555 13.7447141  10.85381422]
 [18.64796061 12.03629793 11.54649562]
 [ 2.68201086 10.98760197  5.45755124]
 [ 2.70186452 19.8000601  15.8784092 ]
 [ 6.55090656  8.5198239  11.5132749 ]
 [16.51421055  3.98190659  1.25005207]
 [18.35105152  4.28681965  9.30791206]]
[[ 3.39202372 14.27535572  1.54081319]
 [11.50030449 18.77350848  6.37198485]
 [16.59045319  6.60501777  4.3680324 ]
 [ 4.66939887 13.75464639 10.86186464]
 [18.64677717 12.03555045 11.54577091]
 [ 2.67929422 10.97536102  5.45025495]
 [ 2.70233941 19.80411972 15.8817517 ]
 [ 6.54858115  8.51687655 11.50880695]
 [16.5315661   3.98552349  1.25069732]
 [18.35038009  4.28692303  9.30785767]]
[[ 3.38774568 14.25583134  1.53997069]
 [11.49356189 18.76276379  6.36830722]
 [16.59244439  6.60605333  4.36892503]
 [ 4.67260635 13.76468715 10.87000278]
 [18.64557954 12.03479413 11.54503751]
 [ 2.67654158 10.96296092  5.44286447]
 [ 2.70281954 19.80822416 15.88513116]
 [ 6.546225    8.51389077 11.50428023]
 [16.54913611  3.98918442  1.25134977]
 [18.34970077  4.28702715  9.30780239]]
[[ 3.383414   14.23606668  1.53911735]
 [11.48674174 18.75189588  6.36458696]
 [16.59445848  6.60710112  4.36982804]
 [ 4.67584789 13.77483613 10.87822844]
 [18.64436771 12.03402895 11.54429541]
 [ 2.67375285 10.95040121  5.43537956]
 [ 2.7033049  19.81237333 15.88854752]
 [ 6.54383798  8.51086642 11.49969455]
 [16.56692093  3.99288946  1.25200943]
 [18.34901357  4.28713203  9.30774626]]
[[ 3.37902859 14.21606131  1.53825316]
 [11.47984411 18.74090482  6.36082411]
 [16.59649546  6.60816114  4.37074145]
 [ 4.67912341 13.78509306 10.88654142]
 [18.6431417  12.03325492 11.54354461]
 [ 2.6709279  10.93768141  5.42779996]
 [ 2.70379548 19.81656714 15.8920007 ]
 [ 6.54141998  8.50780337 11.49504972]
 [16.58492089  3.99663867  1.2526763 ]
 [18.34831853  4.28723766  9.30768929]]
[[ 3.37458931 14.19581476  1.5373781 ]
 [11.47286905 18.7297907   6.35701869]
 [16.59855532  6.6092334   4.37166527]
 [ 4.68243281 13.79545768 10.89494149]
 [18.6419015  12.03247205 11.54278512]
 [ 2.66806663 10.92480106  5.4201254 ]
 [ 2.70429127 19.8208055  15.89549064]
 [ 6.5389709   8.50470151 11.49034554]
 [16.60313634  4.00043213  1.25335039]
 [18.34761565  4.28734406  9.3076315 ]]
[[ 3.37009605 14.17532656  1.53649218]
 [11.46581662 18.71855361  6.35317074]
 [16.60063809  6.6103179   4.37259951]
 [ 4.68577599 13.80592973 10.90342844]
 [18.64064713 12.03168033 11.54201694]
 [ 2.66516892 10.91175969  5.41235562]
 [ 2.70479226 19.82508834 15.89901725]
 [ 6.53649062  8.50156069 11.48558183]
 [16.62156761  4.00426991  1.25403171]
 [18.34690498  4.28745123  9.30757291]]
[[ 3.36554871 14.15459624  1.53559537]
 [11.45868689 18.70719362  6.34928029]
 [16.60274374  6.61141466  4.37354418]
 [ 4.68915287 13.81650894 10.91200207]
 [18.63937858 12.03087977 11.54124008]
 [ 2.66223465 10.89855681  5.40449035]
 [ 2.70529845 19.82941555 15.90258048]
 [ 6.53397902  8.49838079 11.48075837]
 [16.64021505  4.0081521   1.25472027]
 [18.34618653  4.28755918  9.30751355]]
[[ 3.36094715 14.13362333  1.53468768]
 [11.45147991 18.69571084  6.34534736]
 [16.60487229  6.61252369  4.37449929]
 [ 4.69256334 13.82719503 10.92066214]
 [18.63809586 12.03007037 11.54045453]
 [ 2.6592637  10.88519194  5.39652933]
 [ 2.70580982 19.83378705 15.90618023]
 [ 6.531436    8.49516168 11.47587498]
 [16.65907902  4.01207876  1.25541607]
 [18.34546033  4.28766791  9.30745343]]
[[ 3.35629125 14.11240734  1.53376909]
 [11.44419575 18.68410534  6.34137199]
 [16.60702374  6.61364499  4.37546484]
 [ 4.69600733 13.83798774 10.92940845]
 [18.63679897 12.02925214 11.5396603 ]
 [ 2.65625596 10.8716646   5.38847228]
 [ 2.70632637 19.83820274 15.90981643]
 [ 6.52886143  8.49190322 11.47093144]
 [16.67815985  4.01604998  1.25611911]
 [18.3447264   4.28777743  9.30739258]]
[[ 3.35158089 14.09094778  1.53283959]
 [11.43683446 18.67237722  6.33735421]
 [16.60919807  6.61477856  4.37644085]
 [ 4.69948472 13.8488868  10.93824077]
 [18.63548792 12.02842507 11.5388574 ]
 [ 2.6532113  10.85797429  5.38031894]
 [ 2.70684808 19.84266254 15.91348901]
 [ 6.5262552   8.48860529 11.46592755]
 [16.69745789  4.02006583  1.25682942]
 [18.34398476  4.28788774  9.30733102]]
[[ 3.34681596 14.06924414  1.53189918]
 [11.42939612 18.66052656  6.33329405]
 [16.61139528  6.61592441  4.37742732]
 [ 4.70299542 13.85989193 10.94715889]
 [18.63416272 12.02758917 11.53804583]
 [ 2.65012961 10.84412053  5.37206901]
 [ 2.70737494 19.84716634 15.91719788]
 [ 6.52361718  8.48526774 11.46086311]
 [16.71697351  4.02412638  1.25754699]
 [18.34323545  4.28799886  9.30726877]]
[[ 3.34199631 14.04729592  1.53094783]
 [11.42188079 18.64855346  6.32919154]
 [16.61361537  6.61708254  4.37842426]
 [ 4.70653935 13.87100285 10.95616258]
 [18.63282337 12.02674445 11.53722558]
 [ 2.64701076 10.83010281  5.36372223]
 [ 2.70790695 19.85171406 15.92094298]
 [ 6.52094727  8.48189043 11.4557379 ]
 [16.73670704  4.02823173  1.25827183]
 [18.34247847  4.28811078  9.30720584]]
[[ 3.33712182 14.0251026   1.52998556]
 [11.41428853 18.63645801  6.32504672]
 [16.61585833  6.61825297  4.37943168]
 [ 4.71011639 13.88221928 10.96525163]
 [18.63146987 12.0258909  11.53639667]
 [ 2.64385464 10.81592064  5.35527832]
 [ 2.7084441  19.8563056  15.92472421]
 [ 6.51824533  8.47847324 11.45055172]
 [16.75665885  4.03238193  1.25900396]
 [18.34171386  4.28822352  9.30714227]]
[[ 3.33219237 14.00266366  1.52901234]
 [11.4066194  18.6242403   6.32085961]
 [16.61812414  6.61943568  4.38044959]
 [ 4.71372645 13.89354095 10.97442579]
 [18.63010223 12.02502853 11.53555909]
 [ 2.64066111 10.80157351  5.34673697]
 [ 2.70898636 19.86094086 15.92854151]
 [ 6.51551125  8.47501601 11.44530435]
 [16.77682928  4.03657708  1.25974337]
 [18.34094164  4.28833707  9.30707807]]
[[ 3.32720781 13.97997858  1.52802816]
 [11.39887348 18.61190042  6.31663024]
 [16.6204128   6.62063068  4.38147798]
 [ 4.71736945 13.90496758 10.98368486]
 [18.62872045 12.02415734 11.53471286]
 [ 2.63743006 10.7870609   5.33809792]
 [ 2.70953374 19.86561975 15.93239478]
 [ 6.5127449   8.47151862 11.43999558]
 [16.7972187   4.04081725  1.26049008]
 [18.34016183  4.28845145  9.30701325]]
[[ 3.32216802 13.95704681  1.52703302]
 [11.39105082 18.59943847  6.31235867]
 [16.62272428  6.62183798  4.38251687]
 [ 4.72104526 13.91649888 10.9930286 ]
 [18.62732455 12.02327733 11.53385797]
 [ 2.63416135 10.77238232  5.32936086]
 [ 2.71008623 19.87034216 15.93628394]
 [ 6.50994616  8.46798091 11.43462519]
 [16.81782745  4.04510253  1.26124409]
 [18.33937445  4.28856666  9.30694785]]
