[[17.24007462 14.91346213  5.5863312 ]
 [ 3.08443704 17.2584369   8.99256575]
 [ 4.57753344 16.33617161 19.15793742]
 [15.86552676 18.79448422  4.31577575]
 [ 0.71475442 12.62323363 17.0717792 ]]
[[17.23888877 14.91261319  5.58602127]
 [ 3.08454177 17.25853252  8.99268178]
 [ 4.57771913 16.33659397 19.15839049]
 [15.86453919 18.79315405  4.31557623]
 [ 0.71482039 12.62363556 17.07230545]]
[[17.23710833 14.91130091  5.58551143]
 [ 3.08465061 17.25866212  8.99281548]
 [ 4.57796292 16.33718442 19.15903259]
 [15.86303449 18.79115593  4.31524572]
 [ 0.71488442 12.62420554 17.07306726]]
[[17.23473319 14.90952521  5.58480163]
 [ 3.08476354 17.25882572  8.99296685]
 [ 4.57826481 16.33794295 19.1598637 ]
 [15.86101255 18.78848972  4.31478421]
 [ 0.71494654 12.62494357 17.07406466]]
[[17.23176322 14.90728598  5.58389184]
 [ 3.08488057 17.25902332  8.99313589]
 [ 4.5786248  16.33886955 19.16088383]
 [15.85847325 18.78515525  4.31419165]
 [ 0.71500673 12.62584967 17.07529766]]
[[17.22819822 14.90458307  5.58278197]
 [ 3.0850017  17.25925492  8.99332261]
 [ 4.5790429  16.33996421 19.16209296]
 [15.85541643 18.78115233  4.31346802]
 [ 0.715065   12.62692384 17.07676626]]
[[17.224038   14.90141634  5.58147196]
 [ 3.08512693 17.25952055  8.993527  ]
 [ 4.57951909 16.34122692 19.16349106]
 [15.8518419  18.7764807   4.31261325]
 [ 0.71512134 12.6281661  17.07847051]]
[[17.21928231 14.89778559  5.57996172]
 [ 3.08525626 17.25982019  8.99374909]
 [ 4.58005337 16.34265765 19.16507812]
 [15.84774946 18.77114009  4.3116273 ]
 [ 0.71517576 12.62957648 17.08041042]]
[[17.21393087 14.89369061  5.57825116]
 [ 3.08538969 17.26015388  8.99398887]
 [ 4.58064575 16.34425641 19.16685412]
 [15.84313886 18.76513018  4.31051011]
 [ 0.71522826 12.63115499 17.08258601]]
[[17.2079834  14.88913118  5.57634015]
 [ 3.08552723 17.26052162  8.99424635]
 [ 4.58129621 16.34602315 19.16881904]
 [15.83800983 18.75845061  4.3092616 ]
 [ 0.71527883 12.63290165 17.08499733]]
[[17.20143953 14.88410703  5.57422859]
 [ 3.08566887 17.26092342  8.99452155]
 [ 4.58200476 16.34795788 19.17097284]
 [15.83236208 18.75110099  4.3078817 ]
 [ 0.71532748 12.63481649 17.08764441]]
[[17.19429891 14.87861789  5.57191634]
 [ 3.08581463 17.26135931  8.99481446]
 [ 4.58277138 16.35006055 19.1733155 ]
 [15.82619527 18.74308089  4.30637033]
 [ 0.71537421 12.63689954 17.09052729]]
[[17.18656113 14.87266344  5.56940326]
 [ 3.0859645  17.2618293   8.99512511]
 [ 4.58359607 16.35233115 19.17584698]
 [15.81950906 18.73438983  4.3047274 ]
 [ 0.71541902 12.63915082 17.09364602]]
[[17.17822576 14.86624336  5.56668919]
 [ 3.08611847 17.26233342  8.9954535 ]
 [ 4.58447883 16.35476965 19.17856726]
 [15.81230306 18.72502732  4.3029528 ]
 [ 0.7154619  12.64157038 17.09700063]]
[[17.16929231 14.85935729  5.56377397]
 [ 3.08627657 17.26287167  8.99579964]
 [ 4.58541965 16.35737601 19.18147629]
 [15.80457686 18.7149928   4.30104645]
 [ 0.71550286 12.64415825 17.10059119]]
[[17.1597603  14.85200484  5.56065742]
 [ 3.08643878 17.26344409  8.99616355]
 [ 4.58641853 16.36015022 19.18457403]
 [15.79633001 18.70428568  4.29900821]
 [ 0.7155419  12.64691446 17.10441775]]
[[17.14962918 14.84418561  5.55733935]
 [ 3.08660512 17.2640507   8.99654524]
 [ 4.58747545 16.36309223 19.18786045]
 [15.78756204 18.69290535  4.29683798]
 [ 0.71557901 12.64983907 17.10848037]]
[[17.13889838 14.83589917  5.55381956]
 [ 3.08677558 17.26469152  8.99694473]
 [ 4.58859042 16.36620201 19.1913355 ]
 [15.77827246 18.68085113  4.29453563]
 [ 0.7156142  12.6529321  17.1127791 ]]
[[17.1275673  14.82714506  5.55009784]
 [ 3.08695017 17.26536658  8.99736202]
 [ 4.58976341 16.36947952 19.19499913]
 [15.76846073 18.66812233  4.29210102]
 [ 0.71564746 12.65619361 17.11731402]]
[[17.11563529 14.8179228   5.54617397]
 [ 3.08712889 17.26607592  8.99779715]
 [ 4.59099443 16.37292473 19.19885129]
 [15.75812628 18.65471819  4.28953401]
 [ 0.7156788  12.65962364 17.1220852 ]]
[[17.10310169 14.80823187  5.5420477 ]
 [ 3.08731174 17.26681955  8.99825011]
 [ 4.59228346 16.3765376  19.20289194]
 [15.74726854 18.64063794  4.28683446]
 [ 0.71570821 12.66322226 17.1270927 ]]
[[17.08996579 14.79807175  5.53771879]
 [ 3.08749874 17.26759751  8.99872094]
 [ 4.59363051 16.38031807 19.20712101]
 [15.73588687 18.62588075  4.2840022 ]
 [ 0.71573569 12.6669895  17.13233662]]
[[17.07622684 14.78744187  5.53318698]
 [ 3.08768988 17.26840984  8.99920966]
 [ 4.59503554 16.38426611 19.21153846]
 [15.72398063 18.61044576  4.28103708]
 [ 0.71576124 12.67092544 17.13781702]]
[[17.06188407 14.77634163  5.52845199]
 [ 3.08788516 17.26925657  8.99971627]
 [ 4.59649857 16.38838168 19.21614423]
 [15.71154914 18.59433205  4.27793891]
 [ 0.71578486 12.67503012 17.14353399]]
[[17.04693666 14.76477044  5.52351355]
 [ 3.0880846  17.27013773  9.0002408 ]
 [ 4.59801957 16.39266472 19.22093825]
 [15.69859167 18.57753869  4.27470752]
 [ 0.71580655 12.6793036  17.14948762]]
[[17.03138375 14.75272764  5.51837135]
 [ 3.08828819 17.27105337  9.00078328]
 [ 4.59959854 16.39711518 19.22592046]
 [15.68510749 18.56006467  4.27134273]
 [ 0.71582631 12.68374597 17.15567801]]
[[17.01522448 14.74021257  5.51302508]
 [ 3.08849594 17.27200352  9.00134372]
 [ 4.60123547 16.40173302 19.2310908 ]
 [15.67109582 18.54190898  4.26784433]
 [ 0.71584414 12.68835727 17.16210525]]
[[16.9984579  14.72722453  5.50747443]
 [ 3.08870786 17.27298823  9.00192215]
 [ 4.60293034 16.40651818 19.2364492 ]
 [15.65655585 18.52307053  4.26421213]
 [ 0.71586003 12.69313758 17.16876944]]
[[16.98108307 14.7137628   5.50171905]
 [ 3.08892394 17.27400753  9.0025186 ]
 [ 4.60468314 16.41147061 19.2419956 ]
 [15.64148674 18.5035482   4.2604459 ]
 [ 0.71587398 12.69808697 17.17567068]]
[[16.96309898 14.69982662  5.4957586 ]
 [ 3.08914421 17.27506147  9.00313308]
 [ 4.60649386 16.41659024 19.24772992]
 [15.62588761 18.48334084  4.25654544]
 [ 0.71588599 12.70320552 17.18280908]]
[[16.94450459 14.68541522  5.48959271]
 [ 3.08936865 17.27615011  9.00376563]
 [ 4.6083625  16.42187703 19.25365209]
 [15.60975757 18.46244724  4.25251051]
 [ 0.71589606 12.7084933  17.19018475]]
[[16.92529885 14.67052779  5.48322101]
 [ 3.08959729 17.27727347  9.00441627]
 [ 4.61028903 16.42733092 19.25976204]
 [15.59309566 18.44086615  4.24834088]
 [ 0.7159042  12.71395039 17.19779781]]
[[16.90548063 14.65516348  5.47664311]
 [ 3.08983011 17.27843162  9.00508503]
 [ 4.61227344 16.43295184 19.26605968]
 [15.57590092 18.41859626  4.2440363 ]
 [ 0.71591038 12.71957688 17.20564838]]
[[16.88504878 14.63932144  5.4698586 ]
 [ 3.09006713 17.27962461  9.00577194]
 [ 4.61431572 16.43873973 19.27254495]
 [15.55817233 18.39563625  4.23959652]
 [ 0.71591462 12.72537285 17.21373657]]
[[16.86400211 14.62300077  5.46286709]
 [ 3.09030836 17.28085249  9.00647702]
 [ 4.61641586 16.44469453 19.27921776]
 [15.53990886 18.37198472  4.23502128]
 [ 0.71591691 12.73133838 17.22206251]]
[[16.84233939 14.60620053  5.45566812]
 [ 3.09055381 17.2821153   9.00720032]
 [ 4.61857384 16.45081617 19.28607803]
 [15.52110944 18.34764024  4.2303103 ]
 [ 0.71591726 12.73747358 17.23062633]]
[[16.82005935 14.58891978  5.44826126]
 [ 3.09080346 17.28341312  9.00794185]
 [ 4.62078964 16.45710459 19.29312568]
 [15.50177293 18.32260133  4.22546331]
 [ 0.71591564 12.74377852 17.23942817]]
[[16.79716067 14.57115753  5.44064605]
 [ 3.09105735 17.28474599  9.00870166]
 [ 4.62306326 16.46355972 19.30036063]
 [15.48189821 18.29686646  4.22048002]
 [ 0.71591208 12.75025331 17.24846817]]
[[16.773642   14.55291275  5.43282202]
 [ 3.09131547 17.28611398  9.00947977]
 [ 4.62539468 16.4701815  19.30778277]
 [15.46148408 18.27043404  4.21536013]
 [ 0.71590656 12.75689805 17.25774646]]
[[16.74950195 14.53418441  5.42478867]
 [ 3.09157782 17.28751714  9.01027623]
 [ 4.62778388 16.47696985 19.31539204]
 [15.44052932 18.24330245  4.21010333]
 [ 0.71589907 12.76371283 17.26726318]]
[[16.72473907 14.51497141  5.41654551]
 [ 3.09184443 17.28895554  9.01109106]
 [ 4.63023086 16.4839247  19.32318834]
 [15.41903267 18.21547001  4.20470932]
 [ 0.71588963 12.77069776 17.2770185 ]]
[[16.69935187 14.49527265  5.40809202]
 [ 3.09211529 17.29042925  9.01192431]
 [ 4.63273558 16.49104598 19.33117158]
 [15.39699284 18.18693499  4.19917776]
 [ 0.71587822 12.77785294 17.28701255]]
[[16.67333884 14.47508698  5.39942766]
 [ 3.09239041 17.29193833  9.012776  ]
 [ 4.63529804 16.49833361 19.33934166]
 [15.37440849 18.15769561  4.19350831]
 [ 0.71586484 12.78517849 17.2972455 ]]
[[16.64669839 14.45441322  5.39055188]
 [ 3.0926698  17.29348285  9.01364619]
 [ 4.63791822 16.50578753 19.3476985 ]
 [15.35127825 18.12775003  4.18770064]
 [ 0.71584949 12.7926745  17.3077175 ]]
[[16.61942891 14.43325015  5.38146413]
 [ 3.09295348 17.29506287  9.0145349 ]
 [ 4.64059611 16.51340767 19.35624201]
 [15.32760071 18.09709637  4.18175439]
 [ 0.71583217 12.80034111 17.31842872]]
[[16.59152873 14.41159652  5.37216381]
 [ 3.09324144 17.29667848  9.01544219]
 [ 4.64333168 16.52119393 19.36497208]
 [15.3033744  18.06573268  4.1756692 ]
 [ 0.71581288 12.80817842 17.32937932]]
[[16.56299614 14.38945107  5.36265032]
 [ 3.0935337  17.29832974  9.01636808]
 [ 4.64612492 16.52914625 19.37388862]
 [15.27859783 18.03365697  4.16944468]
 [ 0.7157916  12.81618655 17.34056948]]
[[16.53382938 14.36681245  5.35292306]
 [ 3.09383026 17.30001672  9.01731262]
 [ 4.64897582 16.53726455 19.38299153]
 [15.25326948 18.00086719  4.16308047]
 [ 0.71576834 12.82436562 17.35199937]]
[[16.50402663 14.34367933  5.34298139]
 [ 3.09413114 17.30173952  9.01827587]
 [ 4.65188436 16.54554876 19.39228072]
 [15.22738775 17.96736121  4.15657615]
 [ 0.7157431  12.83271576 17.36366917]]
[[16.47358605 14.32005031  5.33282467]
 [ 3.09443635 17.3034982   9.01925785]
 [ 4.65485052 16.55399879 19.40175609]
 [15.20095103 17.93313688  4.14993132]
 [ 0.71571587 12.84123709 17.37557906]]
